Nombre del problema: p19_100_600
100 100 600
96 22
78 91
84 81
38 6
51 79
19 14
54 90
21 67
31 46
26 100
83 78
87 84
32 10
2 94
20 46
37 9
42 69
98 62
58 25
39 44
18 50
64 52
82 71
52 66
70 33
67 86
14 32
9 89
61 73
94 60
56 62
3 48
59 92
93 48
40 4
33 64
46 77
4 26
66 14
1 46
69 63
10 7
43 4
13 7
97 37
6 34
17 57
55 26
63 39
29 100
36 71
15 86
8 90
62 6
30 39
85 45
73 67
57 99
95 26
35 40
80 68
74 41
71 63
89 33
41 49
88 98
49 75
81 8
60 48
91 85
8 12
5 36
34 68
23 35
68 19
65 66
47 60
19 99
7 4
53 48
48 49
12 30
76 100
50 65
72 19
75 5
90 83
92 24
16 59
77 14
25 66
27 1
5 59
100 15
24 27
22 41
29 51
11 16
28 63
92 56
44 98
54 26
28 44
43 12
88 22
57 53
62 13
59 65
39 51
30 95
54 97
49 69
10 67
89 91
42 16
72 93
59 89
11 97
71 64
53 8
79 55
33 7
38 99
55 21
59 74
32 56
51 20
60 65
8 57
67 24
1 70
30 15
39 78
55 74
67 11
71 2
78 17
11 10
65 90
37 99
12 11
80 75
57 97
7 48
61 96
35 66
7 96
42 10
72 48
94 88
45 36
37 48
55 18
83 100
76 41
90 70
43 25
80 91
9 53
46 71
8 85
68 47
21 74
69 67
21 4
64 89
46 32
95 61
19 91
59 85
9 70
29 1
99 62
27 83
50 48
95 91
2 17
59 22
10 72
84 14
36 99
74 57
81 27
61 25
85 29
2 3
21 50
98 63
19 24
30 60
2 6
84 65
46 42
95 97
87 97
95 76
73 84
23 43
97 88
16 50
22 36
38 73
68 78
77 19
14 24
100 84
95 28
18 74
99 66
91 34
20 12
65 80
45 90
27 10
21 95
30 72
63 40
35 93
93 47
81 89
39 19
23 84
1 78
31 18
75 58
44 33
64 98
13 19
83 93
99 34
92 54
4 44
37 59
21 90
66 90
20 88
84 24
37 32
16 48
54 36
73 4
3 56
49 51
45 11
30 5
22 65
94 49
8 79
57 39
49 89
17 45
81 51
46 85
53 18
26 47
15 49
37 57
53 34
1 94
42 77
3 59
60 80
35 19
40 14
38 27
35 65
4 74
100 11
73 92
97 71
59 4
11 92
86 64
66 61
69 59
73 66
62 16
34 18
85 15
99 16
25 23
54 56
99 69
62 39
14 87
55 100
20 5
8 68
15 58
39 28
79 43
62 63
93 23
57 78
47 29
31 50
72 99
22 3
6 9
59 95
89 17
9 39
96 26
85 28
52 9
92 17
3 84
20 93
74 68
32 75
73 54
42 58
82 3
8 80
1 2
64 34
63 41
42 6
49 73
42 56
37 19
49 39
3 96
26 32
56 74
89 85
94 80
82 96
72 44
40 91
63 78
99 81
88 68
28 81
85 11
46 13
5 98
58 9
2 93
23 57
54 85
6 54
90 81
90 41
43 58
90 51
33 4
22 18
2 40
78 50
75 19
40 55
4 79
41 77
83 75
83 89
20 84
53 99
71 48
11 22
15 7
65 33
73 91
50 95
7 2
35 62
97 64
57 96
75 62
91 42
86 65
25 73
4 87
45 30
100 44
50 61
80 90
61 49
23 46
12 61
52 42
87 32
31 93
3 32
56 29
20 61
28 43
69 100
5 16
98 23
31 49
88 63
3 60
82 67
91 20
65 8
68 81
23 28
72 23
34 96
23 20
7 76
12 37
48 54
99 64
23 3
89 53
52 100
71 67
89 36
27 9
62 32
3 68
84 35
23 94
58 82
50 45
85 39
59 19
11 6
2 32
63 16
92 62
7 16
91 45
48 10
51 87
21 37
52 50
77 80
53 44
10 5
16 9
26 98
63 51
37 68
75 18
39 52
95 23
28 79
90 3
24 41
1 7
84 61
23 50
46 61
30 37
32 60
59 31
36 23
44 29
31 88
15 11
32 55
37 79
2 45
67 13
47 41
18 27
79 5
76 72
22 90
96 90
1 100
1 48
56 26
62 42
68 53
73 75
56 51
5 52
100 10
98 56
52 35
6 59
2 79
33 79
32 93
51 83
21 39
37 89
40 94
76 64
53 6
92 50
96 47
36 72
60 12
2 72
44 6
38 91
32 72
6 35
38 76
37 50
2 59
72 51
39 84
92 72
3 66
33 45
66 67
61 35
71 70
81 70
32 25
54 81
86 83
33 99
42 81
66 7
32 47
70 72
60 58
42 76
1 63
89 1
97 60
93 54
76 80
63 94
89 2
2 70
44 13
21 29
8 14
82 97
2 54
33 67
16 15
72 97
39 68
29 34
57 12
31 97
55 45
33 90
81 4
29 87
79 89
33 69
86 59
10 57
68 59
42 14
5 15
8 25
4 82
100 63
67 96
82 63
96 8
78 24
34 41
94 51
59 70
57 69
17 3
40 15
6 15
74 85
12 95
55 54
71 79
43 57
33 58
39 8
86 29
5 11
94 50
77 95
27 61
3 50
77 73
92 75
65 31
28 87
72 59
61 10
69 68
14 56
14 4
59 10
95 11
11 34
44 21
61 59
37 74
99 68
4 70
4 10
34 22
47 51
76 97
67 98
53 78
65 58
57 16
10 40
71 85
