Nombre del problema: p24_200_400
200 200 400
6 99
134 45
60 61
107 124
17 2
76 146
135 193
62 13
181 85
18 138
161 153
96 28
73 50
191 185
31 165
72 83
99 123
100 197
165 137
195 38
11 69
143 91
15 63
152 88
29 156
89 38
139 105
196 154
25 95
85 96
140 184
131 151
88 122
110 101
4 57
16 158
70 1
64 97
113 163
158 48
124 181
121 97
132 15
182 115
61 72
30 189
40 76
105 119
106 42
141 168
92 51
87 66
167 131
48 151
9 28
194 134
133 155
42 89
114 111
7 95
199 19
3 52
170 67
175 178
78 174
23 107
137 106
104 172
168 164
14 165
180 112
43 31
129 3
150 50
94 153
166 200
75 106
41 170
200 8
102 71
1 156
148 78
46 147
80 88
125 132
56 45
173 49
179 51
112 182
147 66
82 37
12 89
159 20
142 41
63 90
118 175
177 68
64 131
183 132
59 178
66 186
19 53
130 85
126 71
22 175
108 79
91 60
13 157
101 9
154 7
186 12
127 90
65 198
8 65
119 107
50 116
10 197
197 116
187 53
151 46
178 167
189 125
109 13
163 52
156 14
98 15
193 5
20 25
39 89
35 102
120 143
58 93
103 125
136 90
28 178
34 112
27 199
192 173
44 111
93 113
47 194
68 101
51 101
45 99
21 102
103 133
144 20
49 101
84 5
28 117
171 26
71 150
198 88
32 33
33 130
116 108
52 187
26 164
176 58
54 13
160 49
86 180
155 50
174 29
53 164
146 48
77 83
37 30
149 48
51 52
169 25
8 84
95 59
117 94
110 81
67 138
2 78
72 17
190 189
122 114
74 183
111 160
164 197
36 69
128 124
172 130
145 35
138 191
188 22
47 180
90 112
69 172
57 41
185 46
162 117
55 5
138 13
25 140
24 157
28 120
179 80
132 109
200 170
166 16
46 11
89 178
86 111
55 140
88 159
36 141
16 164
191 184
9 129
132 17
104 50
41 33
109 31
112 16
46 69
109 115
172 31
120 198
89 57
13 91
66 85
162 148
138 82
72 189
96 130
102 118
10 130
18 127
153 31
41 173
199 55
2 100
38 70
70 117
162 59
194 185
168 32
92 138
195 29
55 177
186 98
20 143
39 146
175 81
104 83
67 159
45 28
196 128
139 32
25 92
184 43
73 10
192 178
53 4
72 31
30 104
49 181
80 120
143 105
184 147
187 42
122 93
157 131
47 101
126 166
140 110
69 43
118 80
40 25
189 32
166 196
110 173
163 120
94 4
51 29
163 167
178 172
197 185
197 117
168 200
93 80
170 108
17 44
154 174
60 94
159 100
158 114
63 59
92 125
171 150
112 4
143 14
51 147
72 20
104 40
73 69
163 90
87 22
10 148
11 81
195 6
89 126
118 53
95 61
4 58
135 138
72 57
8 139
173 139
146 38
200 30
185 70
191 171
44 8
178 9
94 89
177 104
77 163
79 152
33 151
149 163
55 76
130 24
174 137
145 33
170 63
28 112
184 187
80 77
81 35
112 107
122 39
55 4
66 10
40 34
62 8
48 80
34 146
86 200
145 88
113 158
44 12
117 163
126 39
93 142
85 187
14 122
35 139
154 35
145 59
166 105
44 33
162 13
149 113
193 169
85 16
91 37
48 188
105 31
89 138
129 178
111 127
132 59
23 187
19 120
18 51
65 1
41 94
109 108
5 59
62 108
92 65
20 177
185 94
173 14
58 36
157 63
152 137
66 57
83 13
167 183
28 130
150 18
111 119
140 8
57 30
95 192
198 7
46 20
110 193
112 46
97 92
112 127
80 117
109 130
84 184
