Nombre del problema: p27_200_400
200 200 400
12 28
94 35
89 115
132 69
73 106
180 35
76 117
78 121
49 168
80 19
192 146
157 89
111 168
72 169
48 167
74 188
161 193
193 148
108 132
185 125
152 167
143 16
136 191
11 24
10 161
158 87
138 72
165 16
112 193
53 91
87 61
20 24
200 125
28 55
70 125
147 55
110 32
100 82
58 176
71 43
62 55
156 49
168 74
121 139
195 13
106 26
96 64
176 95
34 151
115 122
175 107
63 149
91 150
83 63
135 88
21 56
179 71
97 108
101 58
144 51
186 198
167 24
182 10
6 171
187 160
7 61
79 112
166 40
41 185
114 116
33 92
98 70
64 142
54 90
153 15
140 146
118 103
160 95
59 8
35 193
190 145
50 121
32 106
163 166
84 77
4 41
66 48
36 69
8 41
178 122
113 194
130 19
18 36
170 125
123 94
119 130
57 82
104 44
60 165
174 127
3 182
173 58
105 75
86 176
122 41
139 93
51 50
99 181
9 155
93 192
188 126
146 105
25 118
17 197
172 26
61 52
82 7
164 158
68 65
128 13
55 14
77 93
181 110
67 38
88 173
14 134
196 84
127 153
30 132
145 177
189 118
102 70
44 63
198 48
29 138
56 162
183 137
26 150
37 200
133 157
75 132
95 163
22 120
196 12
40 37
43 120
45 16
38 119
5 173
23 94
197 18
137 135
182 186
171 94
42 138
77 188
46 24
116 22
65 114
142 179
155 133
154 187
1 155
2 59
107 113
31 146
92 155
125 192
150 152
134 73
194 13
120 23
149 171
191 199
60 144
86 130
82 67
85 67
13 142
27 43
151 24
199 140
81 20
63 127
129 111
47 190
90 165
159 25
131 68
117 92
103 115
42 74
182 141
124 184
128 177
152 56
90 109
148 39
184 169
159 194
126 153
105 56
134 198
167 11
138 173
191 178
41 79
121 13
2 178
35 144
54 189
110 194
43 79
136 86
70 23
115 97
192 33
157 94
45 199
34 150
177 14
71 148
164 171
97 112
104 78
14 10
80 29
81 170
43 116
188 29
73 68
112 11
77 153
41 14
12 49
80 109
37 162
169 98
9 27
30 25
179 43
109 131
197 154
164 104
116 53
66 56
128 38
92 34
155 178
82 4
107 16
85 200
19 14
24 61
170 200
32 49
28 3
15 62
48 33
61 34
74 158
72 100
50 3
190 139
133 144
24 113
161 23
66 24
127 110
112 84
44 101
99 49
160 121
163 150
140 185
31 75
149 111
44 71
118 81
35 76
37 49
102 183
172 129
163 43
91 75
105 197
36 184
139 174
71 31
76 188
192 104
146 138
21 154
189 137
116 138
26 102
133 93
131 118
51 127
65 144
113 133
21 34
170 120
26 135
26 171
200 159
181 151
178 61
172 162
116 188
171 48
179 147
119 87
94 57
139 55
191 43
137 90
126 38
104 52
183 46
39 143
71 166
89 82
165 177
17 139
102 136
55 122
105 157
36 48
109 183
122 121
159 71
24 118
128 82
61 125
71 136
122 180
187 133
61 148
132 118
35 83
10 38
134 149
6 65
167 92
88 185
62 61
80 15
136 68
121 20
88 131
82 185
33 143
135 116
66 172
24 67
163 178
121 102
71 192
137 120
195 200
7 198
110 107
82 12
89 86
127 4
121 93
177 176
115 159
115 10
175 194
154 82
64 65
139 99
92 106
158 118
122 80
163 35
29 70
92 12
19 106
169 43
42 30
168 125
143 96
5 95
200 185
187 15
163 155
81 191
94 110
184 85
105 101
84 134
113 28
41 13
54 149
80 62
38 3
82 24
