Nombre del problema: p28_200_400
200 200 400
16 177
159 99
36 41
45 142
158 32
79 15
64 102
91 99
193 142
176 40
59 172
104 146
58 181
44 41
184 75
157 124
144 155
23 164
13 164
152 123
132 43
63 12
70 141
24 116
163 76
127 153
124 14
26 106
82 172
56 160
149 160
28 102
83 153
12 19
117 154
49 21
40 167
5 2
142 140
112 171
36 76
47 132
185 33
161 60
3 23
81 68
4 42
173 95
118 199
178 136
187 117
145 108
172 133
189 89
51 197
150 124
196 184
153 69
125 151
130 172
90 100
25 84
120 73
6 167
131 12
41 91
94 189
134 58
140 154
87 106
199 64
32 150
60 20
18 151
9 1
171 175
198 171
168 169
165 166
170 91
19 190
167 73
75 150
21 105
62 101
180 190
143 125
139 194
146 119
85 78
38 46
175 40
61 161
192 98
164 6
160 11
179 193
133 30
39 44
80 67
95 149
71 169
121 142
182 110
67 49
111 54
103 142
109 8
122 16
29 170
162 179
136 63
48 55
37 199
119 36
115 112
27 113
66 200
31 51
65 168
42 72
76 19
97 12
200 123
116 130
148 88
114 111
43 106
147 73
137 135
52 76
102 146
59 142
93 170
106 102
169 48
146 125
113 120
55 76
84 93
188 34
96 35
100 179
78 107
197 69
128 177
156 197
195 32
138 163
72 73
20 112
8 67
154 153
54 93
141 10
92 155
98 59
34 190
50 11
30 115
196 70
68 161
1 161
151 123
155 132
7 129
17 135
194 118
69 188
105 72
46 180
126 164
135 57
33 151
107 5
77 137
173 138
174 192
181 136
74 200
10 105
15 143
129 126
110 76
17 163
183 108
196 165
145 52
177 50
101 66
53 189
72 189
92 78
88 132
63 186
191 95
35 51
22 11
86 143
127 87
96 125
80 49
199 87
178 67
170 59
123 57
83 70
179 171
152 137
153 180
29 76
150 129
52 184
82 19
7 41
101 30
197 28
73 122
12 68
78 17
55 148
190 163
88 128
115 103
78 124
37 51
66 162
136 85
87 70
5 171
25 108
200 64
39 173
138 80
75 93
128 70
138 16
196 139
79 23
170 18
61 21
118 178
101 127
196 20
196 156
80 109
145 177
151 62
54 192
141 114
132 57
104 88
196 121
37 194
131 67
130 85
53 101
44 106
158 164
82 100
29 82
130 43
169 111
98 56
113 93
81 90
151 81
135 48
84 127
74 136
162 160
77 75
32 83
180 56
26 150
39 105
18 115
185 62
65 125
96 197
54 174
123 148
59 118
163 145
97 45
44 36
134 103
24 60
8 52
181 145
28 192
2 142
9 14
60 39
156 104
155 135
64 2
37 82
64 63
99 72
67 192
194 21
32 57
69 159
33 126
177 183
164 119
73 76
175 16
107 52
21 20
114 181
47 83
5 147
132 49
73 2
4 65
106 183
17 186
112 138
8 17
127 110
94 142
23 69
182 3
78 173
58 171
26 119
136 160
124 138
15 48
105 91
145 144
19 105
44 17
127 158
76 122
64 96
3 198
172 80
148 112
61 162
44 52
83 63
50 160
192 167
200 83
53 67
106 108
43 75
143 54
92 83
134 35
98 195
51 198
176 70
82 38
192 35
58 112
77 195
70 75
35 66
88 154
3 90
23 37
107 100
83 50
181 112
141 43
159 16
5 31
155 103
183 173
160 23
93 101
200 68
163 90
83 51
46 110
77 160
127 100
187 142
39 164
36 151
53 86
73 168
61 11
43 133
163 48
45 125
141 2
154 52
26 130
187 6
58 44
34 32
12 47
164 36
128 38
149 136
