Nombre del problema: p32_200_2000
200 200 2000
26 54
15 153
11 54
182 160
183 82
188 11
96 167
143 137
49 133
35 14
118 134
180 187
67 171
135 52
171 78
31 149
165 177
50 131
89 101
65 35
162 174
36 9
46 162
128 171
137 95
47 167
142 161
56 90
172 49
27 24
179 72
72 74
77 183
40 129
123 7
94 185
64 176
3 171
2 200
167 61
184 6
99 91
30 163
154 53
7 59
166 138
101 115
175 74
98 72
181 63
62 64
53 22
147 57
187 145
169 149
108 60
136 92
83 128
80 161
42 122
85 195
199 99
9 175
127 36
189 5
163 17
71 9
164 156
150 178
10 170
19 70
148 114
69 155
102 66
192 171
195 115
105 17
84 128
18 154
5 46
139 98
197 92
1 51
33 194
4 154
141 95
51 9
158 187
119 185
134 11
111 180
28 115
149 45
54 189
8 159
126 178
79 8
131 34
91 167
74 24
159 19
20 87
88 108
130 193
120 31
90 94
73 173
52 105
104 42
81 25
186 197
78 129
82 43
109 83
100 31
32 170
75 82
39 62
170 160
144 150
132 19
38 179
151 146
161 135
23 131
76 168
24 188
107 17
125 123
95 191
66 21
25 124
103 49
114 88
48 4
68 17
93 153
22 191
16 95
110 173
194 61
44 172
121 107
177 171
106 183
55 107
59 101
86 154
13 164
193 36
140 2
93 146
129 65
155 100
14 107
37 167
124 184
87 117
196 101
156 130
112 182
198 74
61 154
58 186
117 68
17 11
29 135
190 71
133 1
153 107
168 107
122 86
34 67
21 35
113 18
6 40
185 53
200 117
12 104
92 196
41 19
60 85
138 60
160 190
97 167
157 96
70 56
178 105
57 197
115 110
31 156
43 99
116 98
45 63
176 110
176 104
145 76
179 183
152 81
27 63
31 166
92 14
186 191
61 56
147 192
139 22
131 52
56 175
60 96
3 43
35 56
190 35
162 93
68 6
60 180
18 151
42 109
78 97
189 187
143 125
9 17
124 7
123 162
92 7
61 105
102 200
108 197
124 31
124 20
141 107
52 79
26 133
75 115
65 2
98 128
89 174
68 45
30 164
197 123
86 171
199 104
82 107
154 23
33 89
164 71
65 111
119 97
39 31
59 102
34 129
68 24
125 136
79 185
12 184
144 125
136 73
33 152
160 146
14 149
89 39
61 12
41 115
31 159
192 79
129 148
147 107
83 3
24 78
10 107
147 93
88 93
65 168
95 56
179 171
90 23
125 84
157 168
159 88
102 143
68 123
19 2
74 63
174 142
169 20
47 50
143 90
32 26
59 67
71 39
136 124
39 149
37 13
104 173
163 47
80 188
78 141
26 60
15 78
190 65
105 131
57 39
148 124
39 82
47 88
134 173
8 188
133 95
176 99
140 4
51 175
134 80
190 23
76 57
52 129
156 101
74 138
50 97
81 60
141 187
140 87
102 195
115 4
108 14
112 53
115 131
64 17
127 122
59 127
179 128
103 120
87 88
17 79
135 18
99 87
4 65
38 103
197 104
35 100
93 27
41 172
83 161
191 157
55 43
89 178
159 188
58 82
127 43
134 77
136 37
189 94
118 66
82 10
191 151
154 200
113 164
64 97
122 199
48 122
30 33
138 88
13 7
26 75
123 108
36 45
32 85
127 53
74 17
68 120
127 47
43 40
61 51
111 6
50 66
74 89
16 35
34 44
29 26
159 100
175 199
157 159
64 158
131 14
63 184
59 5
99 8
107 13
11 64
66 38
97 181
96 142
193 118
150 117
121 8
130 138
108 12
105 15
4 44
101 83
61 38
98 151
152 193
165 197
6 128
79 13
6 54
78 186
65 1
164 165
99 105
68 184
148 43
35 118
144 41
92 89
68 76
151 76
194 53
66 99
63 55
106 154
112 166
200 4
97 18
102 88
150 73
94 60
189 165
159 13
68 100
150 115
49 193
138 95
85 37
141 124
37 17
81 170
199 80
85 28
10 149
103 187
83 16
175 82
120 194
190 91
140 101
7 67
116 120
69 113
41 114
110 148
111 108
22 198
117 52
111 107
71 199
111 63
137 31
82 63
76 173
113 54
117 73
75 195
60 88
44 161
3 61
72 75
9 34
164 89
31 136
37 175
22 117
64 104
77 67
107 33
22 197
51 153
18 197
153 81
38 63
122 46
46 30
103 29
169 142
34 62
85 193
27 172
45 13
194 140
104 118
197 76
28 176
196 102
114 32
67 172
104 78
36 71
126 34
31 170
9 188
122 192
34 175
51 200
109 82
19 40
35 31
161 87
117 196
178 57
108 38
139 5
63 132
195 52
113 150
23 187
101 139
136 140
146 51
191 89
177 80
147 83
106 117
194 49
197 191
80 71
108 50
150 67
71 192
98 194
196 154
30 180
147 189
29 147
57 6
163 185
52 106
93 2
79 7
122 15
141 119
168 77
75 110
33 166
113 129
63 62
138 25
190 121
149 57
49 147
154 148
128 184
89 139
96 141
47 182
155 86
130 8
186 26
192 88
57 180
155 125
178 99
39 145
76 172
31 10
180 118
61 85
53 70
89 4
77 69
132 169
32 119
84 19
152 68
162 97
13 28
99 164
178 31
85 98
128 36
98 152
135 19
161 64
18 195
155 148
114 200
172 177
126 168
195 103
106 5
179 88
37 96
50 159
23 132
170 140
131 152
49 89
56 142
15 112
129 12
160 14
63 122
158 165
182 20
17 54
9 167
16 142
151 37
147 58
35 46
90 122
32 14
13 67
17 123
122 27
111 167
146 102
39 5
182 41
109 27
122 89
141 72
2 21
99 96
51 25
33 126
123 21
162 185
195 78
100 170
91 29
151 90
36 110
71 150
79 110
73 198
63 138
176 195
160 85
8 186
35 10
141 198
17 191
162 129
158 70
186 199
7 176
22 193
112 13
38 136
195 159
130 78
60 190
172 142
183 53
178 25
115 38
152 120
187 135
170 198
102 118
81 38
37 157
146 4
172 72
63 105
196 52
169 99
48 107
62 60
151 141
64 18
47 175
31 12
80 130
197 169
53 198
24 163
175 153
143 23
121 103
100 196
79 200
196 15
150 7
72 154
70 125
3 142
198 70
85 145
63 58
16 105
84 166
65 162
135 100
152 156
183 48
131 104
81 133
40 156
101 112
114 126
131 130
142 46
174 180
79 6
159 190
126 158
108 24
142 195
163 173
47 184
114 85
89 144
97 98
139 114
90 5
109 6
143 33
195 88
93 81
43 59
200 118
145 95
144 187
8 61
186 12
196 90
81 20
37 75
174 143
39 113
6 183
96 109
67 83
106 157
150 12
145 190
51 82
143 197
87 185
124 74
22 131
172 63
80 114
89 100
170 48
116 32
54 110
42 116
150 151
91 82
113 111
29 68
170 111
66 197
166 43
180 84
59 68
176 49
149 191
55 3
81 106
121 28
156 166
111 33
88 133
29 22
199 198
199 74
123 78
92 161
144 157
11 34
69 86
184 23
71 177
42 131
184 50
128 66
79 104
20 158
97 89
156 57
40 15
63 158
48 102
184 152
187 99
96 156
194 128
146 115
70 85
59 165
118 153
42 19
145 178
180 179
126 193
170 25
26 105
63 20
34 17
29 39
34 112
144 185
29 1
173 47
197 95
68 56
38 99
171 194
70 131
45 171
24 53
60 186
82 87
106 3
86 121
135 73
61 150
47 75
159 48
78 95
39 119
13 160
174 93
112 168
45 94
119 45
29 10
103 27
75 165
115 77
127 76
33 125
70 174
170 30
74 86
8 117
172 184
134 76
189 104
165 49
42 89
186 34
93 5
30 140
47 1
59 200
188 113
105 71
136 143
47 79
11 66
46 158
113 53
186 134
21 36
42 58
151 71
139 104
147 72
8 39
156 119
181 187
136 16
147 143
174 11
14 19
150 37
70 78
48 21
155 45
111 10
45 108
47 187
58 164
125 166
14 133
38 119
115 69
91 105
119 65
169 64
17 5
88 154
68 192
27 128
2 149
167 143
59 183
48 160
13 162
32 164
139 191
139 73
55 145
26 154
189 105
191 60
137 27
128 200
11 184
15 37
17 53
169 80
126 51
14 118
138 112
73 169
3 31
168 170
194 67
150 62
9 194
95 83
27 168
100 164
4 185
200 180
83 75
193 120
45 34
187 16
37 134
34 183
104 3
134 144
101 23
28 68
5 122
107 73
119 89
148 61
56 26
45 124
89 175
151 118
17 125
175 149
180 28
66 165
196 156
53 76
95 14
84 164
97 16
169 55
55 67
86 5
119 62
18 129
184 82
26 101
41 178
83 84
134 138
57 190
94 15
22 70
66 108
59 182
23 69
190 9
150 161
53 199
4 98
123 49
83 184
43 179
125 181
161 48
17 93
124 107
46 137
3 188
106 28
56 94
66 70
21 144
188 25
77 198
51 193
131 158
28 163
117 198
22 34
145 5
39 174
89 151
165 70
4 133
145 111
61 60
136 100
74 25
113 36
2 156
39 100
140 92
170 132
32 36
41 155
94 144
87 58
46 26
166 42
36 95
108 75
168 85
22 166
189 24
170 70
32 19
89 186
131 61
157 102
115 52
7 180
103 198
197 116
18 149
18 83
91 27
174 131
91 103
135 31
30 150
16 50
173 53
193 81
11 6
127 86
133 70
42 134
75 45
177 73
183 8
45 132
50 20
74 66
196 62
129 2
121 155
86 191
106 104
175 122
179 181
35 171
70 129
58 165
91 19
181 122
20 105
200 198
84 42
153 45
135 173
179 45
136 46
130 107
109 116
55 9
5 30
57 61
125 71
54 19
72 121
142 29
7 109
195 143
169 82
84 98
103 52
17 70
178 75
23 196
67 26
45 125
33 83
32 135
158 25
108 186
123 110
116 117
101 142
123 63
80 147
12 83
12 67
152 162
45 135
118 183
39 77
79 112
152 80
42 73
48 30
61 21
152 51
54 135
167 173
33 37
123 151
75 23
142 119
118 32
37 153
97 170
147 92
64 37
71 138
196 184
147 21
175 98
61 2
61 17
109 138
138 6
152 167
181 96
181 188
181 102
134 72
67 25
9 180
129 64
103 74
25 134
52 185
49 1
73 31
37 68
55 118
38 128
29 90
161 71
179 57
67 145
31 164
132 146
112 158
81 43
90 50
191 39
82 186
109 178
130 125
113 141
126 128
117 61
192 153
19 5
105 55
183 161
154 110
122 18
88 58
111 181
27 39
3 11
143 45
64 61
100 65
98 43
155 4
143 14
114 182
29 86
196 114
93 193
196 37
120 113
160 151
136 1
124 182
26 174
162 170
71 32
74 177
75 41
55 115
165 45
26 8
24 83
171 113
130 91
83 88
178 157
104 200
7 170
193 57
8 29
191 6
95 111
19 179
41 74
162 165
129 200
173 126
130 50
161 23
199 36
41 14
85 139
36 191
101 189
129 110
94 139
48 64
161 184
128 129
48 62
111 20
146 158
64 142
161 14
25 34
130 12
114 93
117 163
171 21
38 163
150 38
171 54
6 72
93 112
117 135
35 197
121 12
93 51
100 23
4 6
86 162
152 119
57 55
181 3
195 91
85 83
61 151
63 156
194 117
102 135
181 92
72 15
65 90
128 187
55 194
84 63
128 174
17 8
185 51
70 76
48 134
61 104
93 39
133 116
189 95
39 34
101 95
157 124
182 82
102 43
120 144
176 37
61 15
15 128
187 190
159 196
135 160
50 102
131 168
32 158
8 127
22 59
29 96
186 87
138 30
172 167
161 103
137 59
39 132
190 133
15 159
4 117
40 24
16 198
146 35
82 29
159 142
145 17
121 67
118 121
56 125
188 122
170 185
189 69
104 23
193 17
127 81
35 85
100 60
180 8
44 36
108 37
91 28
117 65
59 150
155 47
153 166
136 25
86 1
192 2
120 15
157 23
119 60
184 144
53 56
55 139
200 93
41 193
50 8
65 140
129 11
61 107
3 129
98 33
97 20
60 125
117 93
75 48
133 122
127 112
38 79
96 24
168 196
107 114
10 68
32 115
128 90
51 190
135 51
152 90
163 39
136 122
60 128
160 142
171 108
105 118
168 19
171 157
143 57
118 24
170 176
25 9
183 30
56 119
164 195
67 104
128 14
173 146
163 200
11 143
129 161
86 103
2 9
193 10
14 170
23 102
16 108
71 93
64 113
74 147
5 3
155 2
28 160
145 26
62 132
117 40
134 172
60 44
7 187
180 21
1 38
98 155
12 147
146 166
4 51
107 163
167 174
69 135
72 105
130 3
178 26
50 142
87 190
53 78
62 122
190 88
169 78
64 10
93 78
179 145
91 43
188 196
30 119
170 17
189 129
184 78
44 125
88 98
70 112
124 53
46 67
155 5
31 13
170 130
199 30
161 165
59 81
160 60
80 90
151 189
105 157
40 87
131 12
135 105
92 74
77 172
131 176
97 154
10 23
77 157
165 181
163 151
195 111
88 145
137 144
16 144
99 73
138 36
140 138
61 91
119 79
11 86
151 110
45 114
84 96
95 66
95 102
174 163
105 87
87 160
199 151
122 167
144 33
158 43
1 129
142 19
1 123
157 68
145 16
70 194
39 130
200 5
43 165
128 113
24 97
95 118
191 21
109 162
49 175
189 35
92 49
147 178
128 190
196 76
34 117
197 155
73 181
119 116
135 178
25 66
89 94
78 75
171 107
145 185
110 136
198 4
60 187
3 70
45 167
47 32
146 94
137 43
74 144
156 177
100 4
20 37
151 119
65 153
95 172
7 103
162 142
152 87
102 17
14 22
9 18
171 187
84 155
128 26
41 171
114 105
193 127
135 138
138 190
14 12
139 130
136 42
153 116
197 121
1 117
10 200
86 18
65 163
29 23
130 73
160 56
9 96
136 4
200 116
190 11
196 113
120 190
119 3
199 200
159 106
58 53
83 182
157 100
159 68
170 157
199 67
56 96
128 51
25 174
125 63
64 95
16 125
162 179
41 164
84 53
94 196
102 85
7 68
104 145
97 182
199 131
158 83
107 189
2 94
182 19
19 122
160 78
183 193
17 38
189 64
166 199
199 15
152 95
101 61
6 19
8 33
83 112
191 49
68 125
171 174
87 2
107 123
86 57
141 57
177 96
86 32
132 157
177 69
161 86
41 102
41 6
74 52
127 55
21 200
38 52
138 17
91 53
183 185
14 110
176 31
29 38
192 159
163 94
34 133
179 200
124 153
168 185
100 156
20 181
30 67
67 99
44 77
138 132
47 36
47 101
74 68
34 163
128 195
14 93
73 94
132 25
198 142
105 13
135 125
80 111
49 145
20 137
164 93
85 136
162 36
200 69
177 32
110 161
48 56
153 157
31 151
113 192
48 27
178 11
32 122
102 89
82 173
133 93
185 153
43 39
38 77
129 28
51 57
193 5
8 1
147 170
174 56
109 53
29 41
93 137
106 118
159 104
92 24
133 160
29 182
8 106
157 76
194 138
49 187
164 127
30 125
112 133
99 65
132 61
9 82
194 24
41 10
85 133
188 155
198 143
25 199
120 130
146 8
97 71
64 90
138 118
9 40
129 83
62 28
61 164
98 171
89 147
80 65
5 119
124 112
81 111
45 87
19 186
89 41
19 8
186 98
157 134
79 96
102 171
100 127
168 5
24 181
14 188
157 95
19 128
13 163
89 71
85 19
181 87
121 185
107 172
145 164
90 189
92 126
183 137
186 172
86 20
179 33
126 36
169 128
187 77
115 81
148 133
137 82
118 142
174 182
65 81
39 15
133 199
102 189
20 178
40 79
143 69
19 129
67 41
172 111
173 105
129 41
164 80
194 183
166 98
59 61
52 136
109 26
149 29
34 144
52 34
189 172
161 5
99 181
41 17
114 21
143 68
185 5
35 166
190 171
133 69
71 98
84 148
184 138
169 50
55 64
68 115
159 198
176 69
115 93
113 67
55 156
131 81
79 146
72 91
137 197
81 161
34 105
132 156
54 130
149 186
189 46
169 106
131 192
195 47
67 65
56 144
156 25
151 50
167 109
175 139
140 155
55 35
151 111
165 149
83 139
46 21
70 196
109 39
168 90
49 132
103 107
98 5
142 166
194 126
93 18
110 82
117 137
25 45
39 154
178 156
23 195
79 170
121 79
81 102
137 150
76 29
164 52
11 101
155 64
147 185
14 198
188 174
67 181
129 66
129 67
171 101
25 176
127 17
119 124
78 150
175 165
74 30
146 129
112 73
53 119
35 159
115 191
150 44
48 106
42 169
77 17
28 124
104 19
170 52
5 76
152 148
93 171
83 150
21 75
54 186
74 197
132 135
140 27
197 25
56 199
124 180
96 112
58 5
152 24
182 81
131 3
190 32
102 37
19 99
37 48
53 68
3 193
53 16
16 12
185 78
177 6
152 200
56 188
110 192
14 106
58 45
142 54
119 173
100 103
144 133
111 47
162 73
87 3
72 104
136 97
17 195
60 29
72 49
56 116
144 146
92 159
94 53
47 134
24 105
116 79
174 133
122 151
136 35
123 71
81 66
154 122
194 84
35 111
170 72
62 2
92 121
84 184
162 190
53 99
9 27
145 170
124 159
101 148
173 64
137 86
74 28
56 140
157 49
111 165
182 184
172 21
154 119
2 58
123 11
55 69
93 13
97 183
74 104
82 190
56 88
163 45
23 117
16 114
78 119
53 81
73 11
88 119
173 142
14 50
39 70
50 143
74 57
139 179
95 200
198 126
66 20
4 109
114 149
182 151
41 143
69 91
125 37
174 72
167 98
111 52
26 134
19 49
22 21
148 93
93 47
90 105
165 35
198 108
16 157
52 81
64 42
65 38
161 182
46 13
116 122
44 17
9 163
57 3
28 99
100 43
12 37
10 93
24 130
24 117
124 174
27 67
150 50
189 71
11 183
29 178
21 55
197 149
157 104
193 175
180 12
190 84
9 161
139 63
3 60
21 15
129 8
182 183
168 159
22 5
77 111
131 110
20 145
85 184
112 134
141 192
172 35
57 79
