Nombre del problema: p34_200_2000
200 200 2000
29 34
79 48
126 180
94 33
127 134
40 55
67 113
135 108
190 65
170 134
15 95
194 190
111 11
45 188
200 112
116 139
187 2
80 92
5 126
74 83
53 126
91 128
77 107
13 87
151 26
10 66
85 21
163 28
123 197
118 76
6 177
49 115
78 147
46 120
96 72
129 93
114 156
59 32
101 60
61 99
2 174
32 91
156 181
143 32
48 9
185 56
95 66
66 139
34 125
139 40
62 138
27 96
71 72
4 198
25 175
87 51
140 102
157 26
197 199
43 56
137 155
19 175
196 146
106 176
162 90
37 96
195 168
51 78
84 98
193 137
100 141
57 124
110 36
175 58
98 17
150 6
73 91
141 113
188 148
191 8
7 6
105 67
3 79
161 174
108 16
50 104
102 20
33 23
166 123
41 95
131 65
183 198
54 41
30 132
75 31
171 159
130 98
84 109
144 181
159 5
81 82
155 170
97 190
11 90
12 1
82 112
147 184
69 113
26 133
93 20
58 39
125 13
160 113
109 62
115 129
173 40
178 172
83 8
63 3
9 70
31 101
103 1
99 26
72 146
113 40
117 170
15 56
42 71
152 137
189 106
120 129
88 30
24 84
8 117
128 100
169 73
133 152
149 66
132 178
47 33
165 10
16 4
89 19
200 144
20 187
68 38
186 146
38 150
121 106
39 199
174 31
124 169
176 83
44 76
56 52
86 21
76 42
179 98
177 133
167 18
153 9
145 43
119 134
182 29
192 152
112 126
28 188
65 111
17 154
107 60
122 124
31 108
158 16
146 32
138 82
70 57
184 16
142 10
148 112
199 5
136 22
18 169
168 85
35 30
187 177
21 93
14 78
104 96
64 65
111 198
92 177
60 114
136 172
36 195
52 86
22 171
23 123
12 93
164 98
12 178
158 108
22 184
119 39
183 195
29 123
21 127
166 193
71 23
136 175
1 114
47 61
6 85
34 191
46 65
191 12
168 30
166 22
169 168
12 187
85 113
89 27
157 127
12 99
10 127
5 26
129 170
35 50
55 57
71 162
33 96
155 20
74 140
191 130
146 123
164 66
66 65
12 68
96 156
66 53
49 104
93 152
6 169
135 125
4 3
130 96
165 90
2 125
91 198
193 81
149 126
2 21
144 11
40 12
121 7
31 111
114 85
43 183
83 114
48 187
59 60
50 26
151 18
55 195
139 77
97 27
127 166
111 127
131 144
31 82
30 198
61 146
51 88
79 198
133 106
124 186
29 22
98 167
185 172
15 20
15 54
98 34
139 145
99 6
125 177
120 96
158 115
162 20
92 137
56 86
109 106
170 124
9 16
40 143
66 14
83 89
176 154
132 45
152 191
45 100
61 62
109 140
66 134
96 182
47 1
61 7
26 137
145 15
39 51
77 73
51 138
44 82
182 119
8 70
23 121
85 135
84 95
165 7
106 61
101 72
98 191
16 57
85 15
155 132
169 13
177 86
84 96
160 159
92 123
136 85
98 24
42 21
152 193
117 130
35 10
165 131
40 4
45 53
191 163
180 200
37 111
68 70
81 72
111 194
122 157
26 126
150 135
126 191
70 25
100 5
168 107
81 157
53 184
91 57
189 20
171 156
55 114
131 102
102 188
194 143
64 92
157 145
152 155
1 6
15 9
110 140
190 92
182 150
71 132
30 62
37 166
108 199
161 95
26 32
135 164
42 197
88 152
83 112
200 126
138 105
83 111
60 89
68 181
179 101
110 161
63 97
199 163
18 64
193 122
107 176
118 23
24 97
113 50
38 70
50 112
2 140
53 131
90 142
56 147
187 47
110 188
179 145
29 24
17 91
199 70
28 120
63 26
106 190
82 16
59 36
88 59
100 72
186 75
88 31
7 103
116 174
18 86
25 169
54 36
88 26
133 195
25 76
189 32
29 64
116 160
37 24
149 123
170 122
11 88
46 24
198 193
10 126
124 39
194 35
169 1
22 115
42 82
106 179
15 169
57 191
95 92
29 18
64 127
34 172
135 170
164 80
101 121
13 158
155 56
116 102
15 62
11 7
199 9
191 87
101 147
117 43
60 188
11 57
178 103
53 140
191 145
122 16
165 40
174 159
64 72
72 156
135 76
111 93
164 83
56 38
184 56
139 196
75 78
136 134
3 132
116 51
138 70
16 200
45 141
99 193
26 56
95 195
82 10
10 63
56 37
54 161
104 159
114 129
27 28
10 161
98 101
77 97
89 56
94 184
102 128
134 188
106 30
127 44
184 176
132 11
51 169
55 135
77 105
3 123
61 94
19 2
192 114
58 174
115 16
117 112
40 154
117 48
96 52
98 143
72 198
29 66
118 102
12 98
94 12
28 98
112 194
97 177
188 116
146 145
81 20
195 7
2 146
90 172
43 170
150 187
90 13
21 164
81 188
83 82
46 110
173 42
198 22
199 130
124 180
171 102
185 86
173 176
60 137
115 94
77 90
183 164
92 41
19 108
115 50
149 163
145 151
27 14
121 160
8 28
146 85
128 190
200 181
8 196
99 152
113 98
86 186
111 179
173 37
13 40
172 142
149 12
115 44
82 72
144 155
27 133
120 138
175 31
53 181
33 164
65 59
144 91
38 111
98 18
103 187
43 95
69 198
112 86
39 70
183 36
141 132
173 155
145 168
159 86
79 40
126 64
54 187
188 88
135 131
134 146
145 166
144 35
125 154
100 109
30 73
68 52
60 66
166 80
53 175
189 130
52 78
118 20
176 8
40 120
9 185
35 44
177 162
84 44
184 12
8 88
80 200
26 192
193 16
146 3
149 53
144 196
19 171
56 166
75 134
44 16
17 59
195 104
1 83
18 168
45 97
134 50
57 198
113 170
177 138
28 139
169 190
156 165
196 64
8 86
81 87
41 110
19 64
34 95
168 176
59 84
5 27
89 161
88 36
136 44
102 101
107 179
182 10
187 118
53 81
111 22
19 124
19 150
30 195
156 153
34 21
104 148
119 62
103 114
135 21
136 137
49 58
69 183
45 64
165 148
6 17
65 109
138 41
167 47
113 172
88 137
151 123
128 168
70 87
159 108
7 182
139 9
166 101
9 82
107 66
188 100
75 193
133 199
198 94
99 136
122 59
37 74
120 186
142 95
37 69
199 162
44 171
156 54
153 14
168 68
57 67
25 82
84 182
180 7
9 12
81 39
40 48
52 71
110 19
36 90
152 45
109 49
65 83
63 16
49 63
118 191
127 143
3 134
176 64
187 196
145 124
63 122
129 185
188 19
138 45
179 103
90 71
196 24
29 176
174 196
98 77
132 78
113 126
65 92
27 23
42 119
122 2
9 95
166 174
26 36
130 76
92 128
95 112
62 43
16 90
99 189
101 70
153 151
76 89
119 195
44 86
197 37
60 160
96 162
156 112
62 121
66 136
142 14
168 97
36 22
99 90
28 56
199 51
141 137
194 9
177 43
46 122
161 79
131 99
141 80
197 16
157 18
81 125
170 75
101 130
152 113
185 76
168 4
193 170
137 37
151 158
138 3
111 44
169 173
9 59
120 72
47 81
152 41
173 134
88 37
130 10
49 175
17 11
4 49
19 179
130 132
126 169
46 188
125 156
132 83
31 134
93 118
136 101
130 160
48 176
81 67
114 109
111 4
40 168
135 199
141 166
10 172
115 67
23 200
62 9
21 150
161 27
79 103
7 73
119 96
69 12
142 171
22 180
66 17
95 31
105 39
20 141
126 30
26 159
198 180
124 102
142 78
180 70
55 149
132 102
103 176
104 131
196 77
168 198
12 97
155 183
86 170
41 15
190 41
196 101
34 26
6 153
61 147
119 104
130 147
70 6
88 122
172 79
112 91
24 166
109 9
45 78
108 65
82 71
180 119
168 28
15 187
17 18
86 67
185 141
154 172
165 112
174 84
99 49
60 6
86 188
136 64
150 2
163 101
147 55
42 32
138 159
71 179
177 123
158 22
40 46
3 51
136 30
2 138
105 103
183 57
95 185
31 22
76 45
54 168
4 179
130 107
116 1
128 74
164 119
22 169
15 198
1 187
89 34
8 146
145 165
152 126
135 127
74 16
159 3
50 31
150 11
24 99
100 174
84 79
131 57
168 44
196 164
71 142
160 132
75 156
161 158
63 70
25 94
142 194
178 70
101 40
19 192
132 44
166 104
110 119
32 144
42 104
161 43
137 138
158 31
156 23
83 189
103 164
15 52
9 110
94 152
76 124
150 57
114 34
124 61
119 158
72 2
136 111
93 120
27 93
171 25
139 130
30 101
175 38
141 128
195 18
62 45
78 195
196 99
52 163
75 15
37 141
123 57
150 104
195 179
174 110
144 160
187 53
159 82
70 189
31 191
28 35
179 20
126 133
198 98
156 79
47 32
94 158
96 177
99 172
17 176
53 3
42 193
116 4
9 170
2 186
105 122
111 195
44 64
7 95
49 103
112 124
105 73
168 129
87 105
7 42
103 38
200 19
17 101
86 169
125 21
61 93
24 89
134 194
160 153
79 185
162 130
73 25
21 62
129 34
194 11
84 125
136 160
187 74
153 130
42 188
16 95
56 160
55 66
185 77
113 104
198 104
163 53
62 131
44 15
153 21
195 144
187 179
109 144
153 150
44 196
155 29
76 35
187 84
128 83
30 13
172 184
184 86
52 181
69 108
77 54
125 7
26 12
119 61
75 34
41 83
121 89
31 161
164 87
194 86
72 5
179 124
77 112
129 180
31 183
39 125
78 103
137 90
198 60
96 178
105 98
115 124
59 115
145 49
199 89
13 188
177 181
97 72
131 137
182 186
155 44
67 119
61 172
20 142
157 64
101 97
152 166
71 168
124 139
65 86
61 121
35 8
17 190
192 100
38 75
90 62
66 105
58 169
76 107
127 28
169 160
30 130
105 71
132 143
195 113
65 175
134 97
141 25
7 157
134 109
83 161
187 3
169 189
170 107
145 131
181 38
178 85
11 137
190 165
162 167
170 80
171 87
198 109
51 64
57 189
78 123
143 190
22 138
148 99
149 186
96 188
125 48
59 174
98 47
193 53
155 108
107 55
158 163
157 165
157 136
3 126
13 145
177 9
53 52
23 28
193 71
21 136
156 61
85 93
171 145
48 37
60 143
159 39
84 74
23 185
194 123
135 196
148 196
103 47
160 164
83 151
197 68
32 157
139 162
40 35
192 92
13 23
72 170
129 55
150 139
68 186
178 48
46 25
103 155
72 199
139 59
51 53
117 60
65 29
110 86
177 21
166 86
82 163
90 46
26 59
191 75
142 129
184 41
148 5
129 3
170 83
139 7
108 61
45 65
156 69
170 57
135 78
180 107
128 181
197 107
12 101
129 64
14 108
60 120
194 140
162 78
59 22
157 116
146 176
50 149
45 55
63 200
172 70
29 2
196 98
53 196
69 33
31 192
200 134
88 144
107 165
21 120
46 44
68 99
91 195
26 28
35 20
148 23
21 16
66 97
179 146
78 97
105 192
3 62
181 74
128 149
18 114
152 44
80 64
5 172
91 107
143 23
50 88
37 22
16 128
11 94
80 125
133 164
93 125
160 3
45 181
86 2
9 128
42 114
156 193
171 39
100 83
69 27
62 26
6 164
12 115
115 32
69 151
94 170
116 121
187 153
175 64
40 57
149 96
49 150
43 175
150 53
139 57
144 100
97 37
18 140
191 47
25 132
99 127
23 91
38 6
56 39
192 111
47 46
6 12
113 11
79 59
55 75
180 104
42 168
78 44
106 150
148 118
192 180
148 130
44 189
138 95
113 143
40 60
189 23
19 160
56 70
3 42
62 78
75 143
179 44
183 154
94 192
119 8
23 79
72 20
109 54
91 193
2 74
76 65
129 6
111 56
1 91
4 133
44 48
47 157
47 19
164 20
79 98
140 24
122 97
127 191
76 164
107 82
123 80
91 161
165 13
35 97
137 14
155 100
11 180
19 32
12 160
166 162
73 200
170 140
58 20
55 93
78 73
77 88
109 117
163 48
181 34
51 187
78 155
42 107
55 44
108 80
54 163
10 100
24 76
133 191
147 12
60 100
79 50
164 36
52 61
21 66
63 73
139 19
74 97
113 100
114 142
103 131
11 199
84 107
67 62
11 22
101 5
105 96
71 182
122 58
109 90
50 123
180 122
116 24
114 27
171 175
86 133
14 71
134 129
166 7
171 147
2 188
166 137
16 160
172 1
173 172
124 11
143 57
14 120
79 200
159 163
73 168
34 190
174 113
57 89
4 79
132 103
108 49
81 33
69 178
52 79
191 144
153 171
82 147
128 105
8 24
160 101
16 187
194 52
54 118
168 7
38 22
43 167
175 54
98 140
11 14
200 4
124 40
34 131
117 3
39 9
200 2
33 55
113 108
138 139
57 94
192 66
63 11
15 42
5 161
34 77
170 54
93 88
138 175
62 195
121 95
49 185
161 7
163 10
55 193
49 64
196 17
51 198
187 14
99 200
190 45
138 151
142 143
45 11
3 12
83 70
176 16
115 70
51 195
4 81
76 179
43 2
109 50
135 103
4 190
197 88
133 73
147 75
36 125
12 35
190 200
199 87
2 155
73 45
46 128
15 46
172 150
107 141
24 187
129 87
7 155
90 153
147 27
122 7
77 33
66 158
189 149
134 151
185 80
77 171
97 26
66 172
183 188
162 61
55 14
59 13
34 92
195 150
161 97
135 129
164 173
185 74
17 69
198 13
31 140
164 149
160 64
103 101
57 158
112 142
33 184
91 194
168 22
56 8
163 27
53 137
117 41
106 91
56 159
196 83
60 130
142 96
71 130
109 86
182 159
123 121
178 147
110 122
199 66
90 55
185 103
108 5
32 128
160 193
189 86
78 72
109 37
40 68
126 91
40 88
32 135
64 85
1 118
28 63
108 182
157 95
148 3
69 125
73 128
123 188
146 86
83 182
54 74
192 118
190 155
108 90
42 124
154 117
147 199
118 5
65 129
160 119
44 79
51 7
194 124
142 49
62 87
85 127
143 3
93 22
19 22
63 29
94 24
30 66
144 136
104 34
49 23
102 199
72 92
39 67
176 186
10 125
48 147
10 58
99 53
200 189
20 192
145 39
64 109
172 153
77 184
179 158
81 124
126 161
56 112
95 32
190 135
97 152
31 184
198 174
4 128
129 181
123 158
117 32
75 141
93 184
16 14
14 112
139 20
146 199
166 196
150 93
79 36
83 131
32 172
117 106
54 47
199 170
64 141
113 62
70 17
81 74
6 91
99 46
74 112
114 10
35 142
38 8
30 92
19 103
77 101
92 144
129 152
115 82
112 147
120 122
193 199
81 198
179 131
162 38
168 127
7 158
169 54
32 169
5 54
45 128
75 82
56 93
37 91
163 103
134 111
127 93
181 122
156 158
2 181
104 120
56 5
50 72
107 134
30 121
13 7
38 16
148 79
176 129
71 67
122 87
129 116
21 64
150 23
183 53
131 171
171 53
173 79
64 118
184 90
199 85
134 55
25 152
4 145
193 195
12 131
45 96
166 76
34 122
96 176
64 67
56 66
44 172
79 9
158 86
40 8
74 31
113 99
194 135
74 135
84 139
100 9
144 137
132 82
93 45
95 89
32 73
140 71
192 76
37 176
6 45
190 186
122 171
62 185
123 138
32 164
115 114
170 22
100 104
105 6
138 88
99 92
40 161
86 97
175 91
171 64
125 124
175 45
17 143
180 103
63 124
102 50
9 77
15 127
137 25
23 183
26 84
9 71
113 189
92 88
42 89
5 50
43 156
90 42
193 52
138 178
66 91
120 81
115 123
39 157
50 87
111 79
119 95
168 174
143 148
103 87
25 189
71 27
125 194
178 121
128 167
192 173
181 67
23 169
129 9
124 155
190 54
1 39
83 181
120 167
145 64
30 48
161 143
4 165
49 132
123 105
122 189
9 27
24 126
173 160
119 176
12 80
118 29
150 177
168 46
33 148
186 94
24 159
82 199
78 139
177 58
176 99
20 75
33 98
166 40
160 4
92 67
149 192
141 188
42 25
82 2
5 89
46 82
38 173
49 119
154 18
72 67
196 49
71 152
150 40
7 137
66 127
27 17
17 152
86 106
184 113
134 24
168 90
19 191
150 126
180 197
47 154
2 59
26 174
99 147
75 104
136 71
156 194
128 5
29 54
48 89
88 69
5 158
190 132
103 41
103 197
164 125
40 135
162 140
178 68
21 158
133 82
170 136
43 110
158 117
71 74
98 135
139 137
34 161
148 152
187 182
36 86
9 58
122 175
149 35
32 1
9 118
160 78
122 28
41 98
180 109
178 15
63 31
77 132
198 164
127 55
42 85
104 192
191 84
6 81
44 72
31 107
177 66
102 186
172 80
125 35
61 39
157 181
10 102
133 49
98 127
150 35
22 147
19 56
162 68
143 34
74 151
1 178
94 112
84 105
104 169
72 176
31 133
33 15
68 195
119 23
37 184
86 55
82 165
115 191
152 139
51 25
146 91
70 103
77 144
123 75
12 52
179 45
199 125
60 61
75 17
82 169
136 142
33 25
151 125
46 145
115 104
143 111
58 65
195 197
135 25
170 185
146 36
9 195
143 16
194 165
132 182
123 13
120 150
80 56
79 41
49 186
88 172
60 146
196 16
131 151
56 156
45 124
10 25
11 93
163 97
157 53
13 102
4 159
78 21
167 147
166 45
10 99
61 67
196 110
97 48
55 173
103 69
54 173
64 5
178 84
174 125
45 143
150 167
187 131
160 165
141 91
53 76
73 86
78 161
33 5
4 99
79 77
179 119
163 25
170 61
196 73
52 149
103 2
183 111
36 32
111 151
149 79
28 174
124 99
69 192
120 56
127 139
94 129
20 69
165 120
5 142
194 4
128 127
78 192
179 59
109 58
97 117
36 122
21 91
189 8
196 125
64 95
75 111
160 111
8 85
137 9
115 121
14 129
30 182
176 42
84 34
184 10
72 13
41 139
81 130
18 144
16 26
141 112
164 13
80 188
1 76
7 154
72 36
148 82
