Nombre del problema: p3_100_200
100 100 200
57 45
84 43
81 96
65 20
19 94
86 32
42 27
95 19
16 37
14 49
13 37
76 43
94 8
69 94
44 9
52 93
97 27
46 5
83 55
93 89
77 8
28 37
2 76
66 13
72 47
29 75
30 12
63 81
26 85
6 77
8 36
78 67
79 100
64 60
45 81
4 55
5 78
49 7
67 57
36 90
37 35
58 44
33 54
74 77
21 13
68 73
31 20
9 90
20 9
12 23
44 84
10 26
25 31
3 45
48 6
17 25
50 7
24 71
53 59
87 92
97 38
71 75
54 59
34 28
18 13
47 82
82 53
56 32
60 93
15 2
7 28
92 48
98 57
75 32
59 12
35 58
1 36
90 11
91 64
70 1
99 16
80 15
43 5
39 22
100 34
61 28
40 70
62 42
88 20
38 94
32 82
4 70
55 29
23 93
51 16
66 68
93 22
41 36
62 85
15 75
83 47
67 66
65 14
73 41
53 73
8 38
88 16
46 21
9 25
28 73
12 54
45 52
34 82
21 58
22 18
31 60
95 38
25 100
83 72
35 7
60 44
86 80
21 36
83 95
83 91
25 68
56 81
48 40
77 13
83 92
58 63
42 44
87 74
76 45
55 95
11 55
43 95
87 84
24 2
26 55
28 78
1 83
42 35
88 2
72 16
66 56
1 7
20 33
35 56
94 91
78 99
2 42
62 43
18 24
22 4
66 80
48 4
96 86
89 79
22 86
91 42
68 74
28 47
91 98
13 71
49 40
95 16
78 92
100 12
74 93
22 81
52 29
27 10
9 54
61 29
66 57
35 74
5 85
4 90
79 53
47 74
26 75
94 11
83 21
18 64
100 1
100 80
35 2
26 73
41 10
76 62
17 35
39 68
77 37
49 52
29 50
28 41
68 15
59 80
95 23
