Nombre del problema: p40_200_2000
200 200 2000
42 60
32 197
16 87
176 92
37 110
49 31
118 162
200 124
67 155
188 165
28 3
19 85
66 193
9 178
81 24
115 11
68 89
123 28
10 159
88 121
73 134
127 181
31 71
83 182
47 180
96 174
106 32
116 58
153 1
54 13
77 156
110 126
44 178
187 138
145 106
191 171
104 136
63 150
26 12
175 156
78 62
111 193
33 158
184 48
149 150
134 83
155 81
124 8
165 119
36 14
53 73
80 165
133 171
151 174
89 2
85 60
172 45
122 157
76 20
69 83
190 85
181 136
61 28
1 135
103 187
148 51
121 137
197 158
141 133
50 137
164 186
38 22
93 136
167 70
189 21
4 128
177 197
186 118
192 64
158 77
137 107
162 41
98 96
179 184
143 1
72 182
126 77
97 30
14 198
180 186
95 57
58 143
46 89
25 70
62 88
194 74
135 141
139 17
146 145
65 86
87 100
2 200
43 62
185 19
12 113
8 197
169 25
55 192
90 22
39 128
70 194
7 169
163 64
91 161
27 24
23 45
132 166
30 70
154 18
41 119
20 198
199 104
29 86
84 3
150 176
125 166
171 193
114 55
101 180
157 24
131 178
152 113
159 9
107 152
193 92
109 159
82 144
52 141
75 176
64 62
79 17
161 24
99 172
170 84
168 131
59 147
51 11
120 71
130 171
182 62
105 38
119 86
198 35
94 65
100 126
156 17
57 191
22 50
15 44
128 161
13 109
34 187
183 44
147 197
48 192
60 53
71 141
117 192
129 31
6 67
45 56
112 158
113 3
144 86
18 61
86 135
40 141
108 145
140 34
136 107
159 154
112 198
174 81
173 169
35 75
166 114
102 53
196 176
5 140
195 79
11 133
56 57
21 174
160 81
24 159
74 24
22 58
138 101
142 162
197 120
182 16
69 176
114 143
86 63
185 148
194 168
156 41
24 178
99 184
67 64
196 129
55 145
171 49
121 156
8 184
151 3
30 105
127 40
162 126
61 95
200 58
111 120
40 15
55 157
31 170
88 57
56 123
164 58
180 121
69 65
96 93
163 176
38 109
86 3
159 69
37 137
200 169
166 140
58 70
54 199
46 81
35 73
152 48
24 176
139 32
161 135
38 63
96 74
70 75
183 153
44 154
175 147
104 12
168 45
142 77
184 87
44 31
36 104
66 128
143 56
76 29
34 46
21 146
101 107
194 81
89 15
108 116
58 82
55 82
133 174
139 65
117 163
98 100
77 187
60 173
17 48
176 51
133 58
108 135
131 61
14 92
151 146
172 166
197 29
81 12
150 159
105 72
78 5
175 15
145 25
140 20
144 7
75 114
94 51
35 106
24 105
29 25
61 77
38 134
58 44
23 131
89 98
163 57
194 157
97 57
34 114
147 112
36 23
110 34
86 105
5 191
173 66
163 135
116 22
64 103
9 110
62 190
115 20
154 148
113 145
40 183
25 39
38 127
137 170
156 37
188 73
57 87
71 36
146 79
84 86
39 134
54 197
54 99
23 152
173 48
55 40
42 22
22 153
85 71
163 123
64 157
181 85
165 10
130 65
41 103
23 174
31 9
128 145
65 120
192 69
163 18
43 141
160 24
185 200
105 119
150 101
114 146
80 46
199 190
48 193
160 166
85 188
89 152
85 114
69 183
94 180
164 162
180 25
130 46
3 9
194 119
80 14
123 117
75 173
2 108
39 131
159 188
158 27
116 3
166 39
124 15
40 45
9 73
59 108
129 110
196 174
137 104
154 121
50 44
127 9
67 29
105 32
7 161
97 73
49 50
131 161
61 8
176 87
129 85
160 77
148 74
92 7
117 16
92 148
167 137
68 187
124 31
68 88
15 173
199 71
15 29
196 63
57 122
116 83
180 152
115 197
19 56
51 180
110 184
69 200
59 138
129 162
92 108
137 34
40 176
160 20
6 93
128 2
102 181
45 136
147 144
140 139
159 146
189 120
79 52
85 121
184 152
155 138
71 142
185 90
180 112
174 176
113 42
30 74
187 39
45 79
107 80
23 159
61 87
185 17
168 89
21 157
71 90
57 179
120 198
162 68
163 29
200 64
125 118
121 191
166 7
114 156
7 172
147 14
152 150
195 113
137 102
115 53
167 74
71 6
18 119
163 92
149 8
91 187
125 78
30 53
109 81
91 191
17 142
11 97
154 81
105 2
106 156
64 179
152 192
197 43
118 140
125 179
113 180
119 195
25 171
125 13
49 61
6 183
169 22
8 87
11 135
69 122
115 58
12 38
42 83
129 130
28 26
95 178
168 31
181 118
192 61
86 157
22 78
79 53
41 200
170 129
30 163
155 153
5 166
188 84
125 18
97 103
98 105
4 70
12 11
106 71
193 112
88 107
159 84
185 102
29 28
107 129
45 195
48 19
136 149
37 120
172 100
87 171
140 146
123 30
120 169
139 33
158 14
121 83
174 119
169 37
171 61
180 135
43 75
16 102
199 47
159 53
141 90
118 166
40 69
107 90
71 159
59 170
199 109
162 131
178 157
195 42
103 61
145 104
84 162
74 58
137 134
16 61
77 74
195 186
36 86
168 123
73 75
141 51
74 193
143 159
198 195
124 107
134 140
118 55
172 69
63 82
119 167
120 139
83 20
51 107
40 187
174 15
132 23
75 5
59 186
141 84
14 142
117 81
193 37
166 111
74 137
30 63
63 158
38 73
142 135
76 138
171 54
63 14
78 16
34 79
179 104
45 158
158 83
24 18
118 189
49 191
185 41
152 38
81 57
66 7
82 53
110 97
28 154
161 178
32 108
61 150
149 83
44 13
10 35
71 175
193 102
142 55
92 183
177 139
31 114
38 86
20 7
152 115
176 5
196 92
102 84
171 156
162 3
23 185
7 62
18 190
24 10
85 22
60 109
65 132
142 195
169 73
49 196
183 105
95 114
80 143
33 64
50 164
84 7
67 180
5 26
22 89
99 44
7 35
108 169
49 141
146 50
37 150
79 141
6 166
159 133
147 167
38 149
132 79
34 139
65 147
161 114
23 197
165 8
109 97
31 82
150 29
115 21
39 151
131 111
188 179
134 172
22 21
154 109
120 172
191 150
18 168
22 71
197 118
83 5
32 17
190 82
26 122
88 75
193 11
20 48
26 113
11 121
130 193
45 108
53 176
45 77
53 63
166 3
146 172
183 162
113 88
115 23
185 115
153 59
58 177
72 175
23 35
63 194
121 162
93 95
28 17
172 162
77 76
107 148
28 115
108 189
182 195
114 42
103 175
112 111
118 107
94 182
17 34
85 161
179 88
198 76
189 103
182 4
84 122
48 3
183 189
167 27
17 86
198 142
199 93
116 54
81 6
28 53
92 184
153 108
138 41
162 35
17 65
80 69
102 173
139 104
155 165
178 3
47 80
106 185
165 38
114 190
88 135
196 87
101 154
133 182
113 120
153 86
189 154
97 4
199 191
150 127
171 3
131 170
57 21
174 127
183 158
148 5
92 6
141 118
36 67
81 5
98 9
170 182
125 120
90 27
78 169
62 63
65 95
192 37
136 185
106 146
140 103
88 32
93 107
109 180
12 107
41 194
7 44
161 111
5 113
39 112
83 3
188 25
77 195
139 56
1 159
112 28
153 113
9 200
79 46
60 124
30 149
1 46
150 158
121 84
1 54
23 77
196 136
144 21
131 175
113 112
132 182
78 43
129 21
130 70
82 118
114 50
153 88
9 8
138 125
192 159
129 20
50 54
130 104
31 166
15 196
36 24
90 62
39 111
198 148
23 178
72 41
194 146
30 73
196 178
84 45
21 36
181 109
106 20
61 166
102 140
61 20
155 154
151 9
75 15
170 175
156 105
200 195
3 11
198 58
8 163
27 8
75 189
29 174
141 134
169 60
171 4
1 184
46 84
107 165
22 75
39 136
120 9
81 87
37 139
200 59
13 56
166 15
148 39
170 145
68 39
82 33
163 62
92 111
199 78
95 186
39 5
165 174
11 124
148 6
63 154
30 59
12 41
93 75
71 178
83 109
118 101
145 140
200 140
94 82
61 184
35 31
166 11
180 154
126 192
25 143
57 176
46 138
99 127
192 35
157 198
49 179
180 178
190 109
154 156
167 136
176 194
84 71
116 100
16 111
152 99
147 93
113 193
37 160
126 88
93 91
156 90
4 100
1 182
199 32
78 2
49 21
186 155
24 23
76 59
65 87
193 50
166 25
63 152
39 13
185 162
47 113
92 67
8 157
17 101
129 151
197 200
79 23
5 58
122 173
69 135
186 50
59 43
193 189
168 126
123 135
175 96
131 89
81 61
63 180
128 50
47 32
58 105
194 42
192 177
67 128
72 26
114 39
119 199
157 135
99 156
128 124
89 66
2 1
18 113
42 184
12 190
98 125
6 85
83 100
99 41
17 24
194 49
185 78
93 117
88 48
2 138
158 198
175 161
195 74
1 87
40 3
198 121
177 181
185 134
65 7
198 57
183 165
190 15
128 6
140 9
187 191
77 20
64 5
190 93
164 38
5 82
84 144
106 97
116 81
184 138
82 151
75 90
165 145
71 153
1 32
103 59
14 133
110 165
44 40
12 79
30 51
171 89
36 198
59 49
13 28
2 140
44 150
72 66
115 166
179 103
77 63
38 79
119 82
28 69
185 113
157 88
183 64
159 87
26 52
155 135
84 54
12 130
142 24
191 21
16 104
50 148
79 107
116 141
116 4
86 26
194 133
177 155
152 68
23 123
200 194
6 170
150 17
139 155
67 78
80 65
20 126
41 171
13 154
115 129
185 58
95 60
7 72
141 20
191 149
104 4
13 37
46 90
8 32
5 157
187 145
135 37
41 92
82 57
108 129
145 196
132 18
189 77
144 97
28 8
74 64
2 133
182 107
24 55
195 81
75 32
45 91
199 195
154 91
3 122
84 145
86 137
62 26
154 146
43 187
168 195
67 156
172 77
55 128
162 54
175 155
185 66
98 53
160 53
22 127
1 163
110 172
119 185
195 99
76 103
184 174
84 9
59 50
9 65
11 120
14 185
40 99
114 110
74 67
70 151
124 47
186 63
34 174
45 63
105 6
12 56
14 193
109 62
177 149
52 113
155 131
62 73
159 35
68 199
61 141
42 188
180 27
169 148
169 29
169 163
91 109
163 171
89 12
46 60
46 164
200 54
171 185
160 59
70 114
137 144
34 195
170 37
199 152
180 115
91 11
107 102
105 142
41 43
169 112
87 123
200 153
69 160
194 24
164 64
13 72
138 96
64 166
69 139
52 30
156 147
1 134
59 199
76 179
93 46
111 19
7 178
17 75
146 64
153 112
141 13
116 96
55 4
45 174
91 101
1 21
130 136
144 15
179 19
73 52
162 174
71 58
121 50
57 86
158 117
25 66
149 105
162 175
40 111
88 29
76 37
59 104
134 31
108 85
198 197
35 54
63 170
110 101
192 105
83 171
130 198
181 180
163 190
106 101
39 32
152 79
102 189
109 186
165 147
36 4
104 149
119 99
34 150
48 58
15 179
173 158
54 175
14 52
109 176
98 152
198 25
156 84
113 121
60 102
121 36
171 141
99 33
95 133
192 136
35 197
10 96
135 184
44 98
98 46
112 133
14 180
197 100
111 27
97 88
121 160
138 98
51 125
21 15
194 124
182 161
153 140
65 73
85 24
48 9
19 190
9 81
145 198
32 51
171 9
62 183
39 98
198 73
68 167
124 198
56 95
97 59
162 72
73 13
95 112
73 116
198 159
195 65
77 121
92 72
55 1
76 54
116 172
37 28
145 188
159 21
121 199
60 28
164 111
80 74
8 147
83 175
149 13
138 110
173 149
52 142
23 37
60 80
20 184
156 94
11 81
170 193
144 96
142 149
146 57
113 70
103 109
5 68
73 95
126 42
53 135
57 76
3 100
150 166
128 195
186 77
6 55
89 145
21 98
165 68
42 17
179 78
29 132
127 199
152 29
171 138
193 87
44 8
25 177
86 82
62 131
186 35
54 32
36 61
148 165
113 123
176 1
177 16
114 181
49 54
48 150
93 8
145 81
52 76
184 118
100 91
68 16
8 132
183 68
127 120
182 112
71 110
65 182
73 82
132 192
143 98
85 14
19 138
167 23
106 160
126 108
177 2
126 14
10 74
19 146
75 66
78 102
54 63
156 174
59 61
112 20
88 69
30 150
148 104
93 124
20 35
76 125
27 67
4 146
72 3
78 27
19 148
135 153
135 85
25 51
142 139
148 93
105 138
45 134
80 173
29 48
186 58
69 38
140 41
32 41
55 47
187 19
141 166
104 200
124 95
57 169
63 75
179 67
32 118
136 8
59 133
90 93
173 179
174 149
36 57
200 173
31 42
138 119
11 163
52 86
75 57
172 68
54 48
189 112
80 62
84 81
149 169
85 50
83 126
200 70
170 189
116 16
10 168
40 43
177 154
47 33
125 79
187 51
112 65
36 79
156 168
37 101
26 178
71 150
92 77
26 17
79 144
121 158
5 158
117 122
116 123
189 11
192 96
172 10
50 66
87 60
90 155
24 65
28 192
93 94
102 186
130 64
157 110
142 12
72 177
193 10
6 198
169 41
34 98
77 55
156 126
67 44
45 19
69 24
101 134
164 149
163 47
25 56
56 137
65 47
154 171
158 196
101 3
73 48
10 123
2 50
14 187
111 1
122 64
102 126
110 113
56 21
78 140
69 58
132 34
2 154
2 104
29 75
39 127
185 191
118 200
115 7
153 149
88 15
158 82
151 53
179 35
68 64
136 40
148 75
53 93
137 159
83 88
112 1
165 103
160 103
103 34
69 147
190 172
19 22
136 64
142 25
157 162
193 120
46 11
53 192
189 89
165 195
117 175
145 193
35 80
79 145
46 114
72 112
35 160
74 90
17 135
74 175
4 119
56 82
6 89
74 62
62 50
10 143
137 99
193 70
189 96
199 62
34 8
58 166
138 50
165 164
119 163
132 45
132 163
37 69
148 114
107 178
6 80
140 182
5 22
144 2
58 156
163 166
20 50
15 127
14 179
124 32
161 63
130 196
116 24
113 67
38 19
139 88
112 96
77 35
172 31
108 196
14 7
143 149
73 186
29 171
120 158
198 167
73 29
100 33
29 58
62 137
191 101
197 175
51 35
110 200
124 141
148 25
56 62
176 80
131 116
148 89
42 142
180 42
31 32
143 161
162 60
39 188
173 50
52 158
91 192
118 151
108 22
123 171
101 147
12 155
171 62
164 160
140 175
58 103
71 166
27 38
20 2
177 198
190 100
17 105
32 76
172 30
38 52
4 82
54 125
186 97
31 183
109 86
185 93
85 191
69 31
168 85
109 170
175 61
47 141
54 9
99 155
97 27
75 84
102 190
112 154
20 175
107 138
168 48
138 150
31 65
79 11
27 57
137 5
114 198
111 185
43 161
98 171
171 21
130 10
159 121
44 81
83 140
18 169
189 177
71 12
151 15
75 51
27 100
111 168
192 97
83 77
98 41
117 38
183 51
101 131
80 117
136 173
100 187
7 75
22 148
84 47
141 82
199 9
187 110
122 151
118 175
54 55
163 151
44 84
34 40
100 65
170 162
37 152
168 104
149 68
8 118
87 152
2 178
87 70
43 36
76 170
14 118
53 15
71 59
76 39
135 168
170 48
176 152
115 75
18 67
148 182
13 79
186 108
111 154
180 147
8 94
196 46
34 45
112 128
34 162
145 36
71 53
98 172
103 91
189 123
65 146
92 115
191 74
32 101
78 36
150 112
82 137
167 116
196 8
130 66
169 51
4 96
2 88
48 89
174 64
188 121
144 42
106 98
67 16
85 72
27 75
70 139
124 119
121 149
153 129
189 164
59 114
5 109
74 192
199 66
132 179
160 145
140 185
157 200
42 186
24 193
60 11
86 8
165 117
191 131
142 54
102 153
98 121
66 46
139 190
32 92
25 55
167 150
57 117
51 3
97 40
183 65
4 173
12 148
48 180
79 15
191 189
176 188
200 166
113 44
188 108
108 30
106 191
145 158
199 188
142 184
176 199
96 129
47 42
144 109
51 102
150 16
171 132
177 117
121 19
122 123
152 164
4 139
5 7
129 50
101 103
48 195
56 20
155 26
76 56
168 100
110 2
52 12
107 40
30 184
115 153
182 45
101 123
192 22
193 88
2 31
68 196
4 14
198 54
17 163
189 176
6 137
157 70
31 118
195 29
71 86
78 58
199 4
32 64
104 86
194 89
76 184
133 93
38 84
169 11
188 128
32 142
53 123
164 94
104 177
46 186
116 158
44 193
171 18
15 17
129 174
28 121
19 11
193 68
161 38
114 25
140 65
43 57
95 38
185 48
188 29
122 145
121 125
10 41
114 88
50 111
53 145
145 93
13 80
117 185
11 10
156 166
36 70
61 17
160 11
125 5
52 3
11 86
126 2
52 47
96 191
126 64
40 78
111 86
195 23
67 197
130 167
42 132
185 142
155 38
95 20
170 195
169 36
90 24
89 197
8 137
189 153
150 65
36 161
137 64
53 127
177 200
57 17
87 107
119 129
158 142
174 143
76 161
27 20
95 115
68 150
170 114
178 38
9 143
9 194
16 166
43 140
79 28
103 162
90 51
121 117
189 158
162 122
158 119
185 197
192 24
79 32
106 38
168 77
9 100
89 63
129 10
50 120
69 42
137 135
87 141
37 15
151 97
181 179
180 73
135 68
50 83
140 160
152 82
27 141
100 109
27 45
47 93
79 179
83 115
103 141
177 15
172 167
93 50
15 189
188 72
120 5
8 175
112 174
79 166
136 141
102 94
96 136
115 139
65 8
122 35
152 166
90 196
76 96
151 188
182 151
6 84
112 6
20 148
178 129
16 27
104 195
140 174
61 10
190 118
149 21
48 122
194 43
1 56
119 160
14 150
49 77
179 175
10 150
55 18
180 124
43 137
156 36
172 104
181 87
89 37
39 100
46 104
86 27
187 42
176 83
7 195
154 79
66 116
96 88
58 6
177 161
163 187
185 57
97 184
