Nombre del problema: p8_100_200
100 100 200
70 71
36 92
72 35
6 56
30 95
3 62
83 91
92 2
95 16
80 10
63 2
73 4
81 75
61 12
5 30
55 98
25 77
97 52
84 94
45 65
50 13
47 35
44 95
87 62
98 99
46 92
54 45
7 60
37 69
38 46
71 11
85 75
33 34
75 6
28 49
42 29
58 77
16 19
86 53
68 41
4 49
15 80
89 30
78 4
88 76
18 95
1 21
100 97
76 67
10 22
82 16
27 26
93 48
32 56
9 23
20 49
49 70
21 63
52 35
24 63
56 22
53 38
2 56
96 11
13 6
77 75
39 63
66 55
22 19
35 3
99 93
60 79
94 9
65 99
23 27
62 25
57 51
79 35
29 4
19 51
69 33
26 5
11 27
90 78
67 56
19 40
17 74
48 95
31 47
91 33
59 85
8 6
43 96
74 32
41 9
60 64
14 53
87 33
12 64
2 74
79 75
13 23
97 91
59 62
4 63
70 35
91 30
14 64
15 3
46 79
50 86
24 34
24 43
100 45
42 73
89 23
13 58
83 33
37 53
96 53
81 28
82 39
68 31
92 56
9 49
50 25
93 2
66 35
93 38
32 16
1 65
87 32
48 59
42 47
56 81
4 42
3 45
60 94
33 99
17 73
2 45
58 24
18 31
25 92
67 79
33 94
40 63
74 5
76 12
28 65
14 17
92 1
52 24
43 61
75 4
2 10
51 92
15 39
29 17
88 51
57 81
42 97
63 7
92 94
26 61
79 74
23 7
83 13
9 63
49 73
83 34
96 66
24 2
66 12
29 15
86 5
32 68
91 6
12 97
44 3
1 18
94 29
13 17
37 36
3 20
55 57
91 54
45 5
50 7
23 22
4 98
39 66
36 54
54 4
35 97
10 28
74 49
59 68
5 49
22 13
