Nombre del problema: caterpillar_20_6.txt
120 120 119
1 2
1 21
2 3
2 26
3 4
3 31
4 5
4 36
5 6
5 41
6 7
6 46
7 8
7 51
8 9
8 56
9 10
9 61
10 11
10 66
11 12
11 71
12 13
12 76
13 14
13 81
14 15
14 86
15 16
15 91
16 17
16 96
17 18
17 101
18 19
18 106
19 20
19 111
20 116
21 22
22 23
23 24
24 25
26 27
27 28
28 29
29 30
31 32
32 33
33 34
34 35
36 37
37 38
38 39
39 40
41 42
42 43
43 44
44 45
46 47
47 48
48 49
49 50
51 52
52 53
53 54
54 55
56 57
57 58
58 59
59 60
61 62
62 63
63 64
64 65
66 67
67 68
68 69
69 70
71 72
72 73
73 74
74 75
76 77
77 78
78 79
79 80
81 82
82 83
83 84
84 85
86 87
87 88
88 89
89 90
91 92
92 93
93 94
94 95
96 97
97 98
98 99
99 100
101 102
102 103
103 104
104 105
106 107
107 108
108 109
109 110
111 112
112 113
113 114
114 115
116 117
117 118
118 119
119 120
