Nombre del problema: caterpillar_20_4.txt
80 80 79
1 2
1 21
2 3
2 24
3 4
3 27
4 5
4 30
5 6
5 33
6 7
6 36
7 8
7 39
8 9
8 42
9 10
9 45
10 11
10 48
11 12
11 51
12 13
12 54
13 14
13 57
14 15
14 60
15 16
15 63
16 17
16 66
17 18
17 69
18 19
18 72
19 20
19 75
20 78
21 22
22 23
24 25
25 26
27 28
28 29
30 31
31 32
33 34
34 35
36 37
37 38
39 40
40 41
42 43
43 44
45 46
46 47
48 49
49 50
51 52
52 53
54 55
55 56
57 58
58 59
60 61
61 62
63 64
64 65
66 67
67 68
69 70
70 71
72 73
73 74
75 76
76 77
78 79
79 80
