Nombre del problema: caterpillar_10_7.txt
70 70 69
1 2
1 11
2 3
2 17
3 4
3 23
4 5
4 29
5 6
5 35
6 7
6 41
7 8
7 47
8 9
8 53
9 10
9 59
10 65
11 12
12 13
13 14
14 15
15 16
17 18
18 19
19 20
20 21
21 22
23 24
24 25
25 26
26 27
27 28
29 30
30 31
31 32
32 33
33 34
35 36
36 37
37 38
38 39
39 40
41 42
42 43
43 44
44 45
45 46
47 48
48 49
49 50
50 51
51 52
53 54
54 55
55 56
56 57
57 58
59 60
60 61
61 62
62 63
63 64
65 66
66 67
67 68
68 69
69 70
