Nombre del problema: caterpillar_15_7.txt
105 105 104
1 2
1 16
2 3
2 22
3 4
3 28
4 5
4 34
5 6
5 40
6 7
6 46
7 8
7 52
8 9
8 58
9 10
9 64
10 11
10 70
11 12
11 76
12 13
12 82
13 14
13 88
14 15
14 94
15 100
16 17
17 18
18 19
19 20
20 21
22 23
23 24
24 25
25 26
26 27
28 29
29 30
30 31
31 32
32 33
34 35
35 36
36 37
37 38
38 39
40 41
41 42
42 43
43 44
44 45
46 47
47 48
48 49
49 50
50 51
52 53
53 54
54 55
55 56
56 57
58 59
59 60
60 61
61 62
62 63
64 65
65 66
66 67
67 68
68 69
70 71
71 72
72 73
73 74
74 75
76 77
77 78
78 79
79 80
80 81
82 83
83 84
84 85
85 86
86 87
88 89
89 90
90 91
91 92
92 93
94 95
95 96
96 97
97 98
98 99
100 101
101 102
102 103
103 104
104 105
