Nombre del problema: caterpillar_15_5.txt
75 75 74
1 2
1 16
2 3
2 20
3 4
3 24
4 5
4 28
5 6
5 32
6 7
6 36
7 8
7 40
8 9
8 44
9 10
9 48
10 11
10 52
11 12
11 56
12 13
12 60
13 14
13 64
14 15
14 68
15 72
16 17
17 18
18 19
20 21
21 22
22 23
24 25
25 26
26 27
28 29
29 30
30 31
32 33
33 34
34 35
36 37
37 38
38 39
40 41
41 42
42 43
44 45
45 46
46 47
48 49
49 50
50 51
52 53
53 54
54 55
56 57
57 58
58 59
60 61
61 62
62 63
64 65
65 66
66 67
68 69
69 70
70 71
72 73
73 74
74 75
