Nombre del problema: p10_100_200
100 100 200
73 19
100 88
18 62
51 29
42 47
55 6
54 70
16 72
13 41
11 67
78 83
87 18
34 14
68 5
22 31
24 29
76 40
7 97
4 36
83 13
94 11
25 12
61 64
15 38
14 29
41 96
39 73
90 19
70 5
8 11
19 78
57 24
98 35
43 53
37 39
28 80
21 72
30 35
48 9
59 61
29 11
72 89
99 10
32 72
80 35
86 50
63 43
58 70
50 37
10 47
27 82
26 6
31 2
40 20
85 18
33 45
47 51
77 24
74 22
79 98
95 21
48 42
44 17
36 73
88 64
66 26
9 25
56 11
64 2
93 1
38 4
2 45
82 3
52 28
35 62
1 52
3 83
60 48
81 96
6 11
91 22
46 1
97 82
65 45
96 28
45 89
71 2
69 73
20 74
5 7
75 36
23 9
17 45
62 56
8 21
49 20
92 16
84 63
53 55
94 90
62 53
87 98
60 75
71 81
90 52
61 41
58 68
83 95
25 88
87 48
84 25
29 54
53 52
14 80
69 65
49 86
21 62
96 40
72 55
65 95
4 88
17 33
22 81
70 93
90 10
75 51
6 100
7 71
97 17
30 79
96 52
59 66
97 96
3 62
13 34
76 81
18 68
4 49
6 72
12 57
35 32
7 41
83 66
84 76
67 34
31 28
6 95
97 81
67 93
70 1
58 24
75 96
26 30
82 96
33 58
77 28
76 16
67 2
18 51
27 44
26 75
8 88
76 5
81 61
15 46
13 81
43 93
85 89
42 22
76 68
54 42
46 30
59 100
48 58
95 67
22 38
33 57
90 48
92 40
77 67
50 82
6 19
74 88
37 31
50 16
60 8
96 59
46 49
42 41
81 50
71 52
71 47
58 13
49 79
87 44
27 77
64 34
39 44
50 55
15 62
