Nombre del problema: p16_100_600
100 100 600
86 77
21 37
9 69
1 20
52 23
63 82
73 19
49 88
13 6
34 62
72 71
11 9
91 1
12 35
26 35
35 17
48 24
75 30
54 21
44 19
77 12
45 53
80 75
16 54
8 52
98 12
100 5
36 86
43 67
24 70
95 91
27 68
29 60
83 96
14 28
69 39
37 33
96 6
97 64
57 17
70 43
64 69
76 79
23 32
47 14
58 63
74 9
3 39
39 70
20 6
81 26
10 26
79 8
30 18
88 27
84 48
40 74
6 15
51 16
31 43
55 62
65 20
46 78
59 14
32 64
56 7
28 79
84 54
60 49
50 7
94 87
41 77
42 6
25 95
53 27
82 99
15 19
17 13
18 38
85 19
19 22
78 33
61 20
92 65
38 26
87 55
22 82
4 22
89 93
7 48
71 30
33 71
89 14
2 70
26 55
91 66
36 29
5 46
90 70
89 27
16 22
20 86
49 50
4 11
58 91
38 56
73 45
65 96
21 53
96 90
38 30
37 46
22 73
62 76
1 98
3 69
80 11
36 34
91 21
32 4
26 91
91 97
81 6
96 89
30 53
85 43
100 61
28 31
98 68
57 28
40 80
97 38
79 67
77 47
94 36
31 93
76 80
92 97
5 35
83 43
81 64
1 19
54 4
13 62
84 89
86 51
41 65
83 67
86 35
35 52
24 74
60 63
55 66
3 10
61 67
79 19
85 77
56 63
40 89
60 48
97 23
38 13
100 58
7 74
51 57
33 69
38 25
69 28
65 99
40 92
35 43
74 2
49 13
40 91
80 51
90 81
15 63
26 92
49 75
30 26
72 91
22 20
9 19
17 41
81 49
33 81
93 80
43 36
29 57
54 8
72 4
37 97
17 4
50 73
48 17
4 53
19 94
31 100
48 10
88 17
38 53
47 78
25 97
26 70
9 2
80 100
71 89
67 37
21 67
34 100
59 94
45 100
26 44
7 54
98 40
59 99
58 21
34 4
91 28
28 41
62 46
44 18
93 70
45 16
28 43
2 43
58 81
35 92
53 50
82 42
85 73
95 83
29 54
14 70
12 80
88 13
57 15
29 46
67 73
89 22
3 27
15 33
21 93
6 12
92 69
94 81
70 58
56 76
73 10
9 24
80 20
46 4
56 1
80 7
58 92
77 80
59 23
39 50
25 60
80 16
26 88
45 40
98 99
91 37
58 48
15 41
53 10
16 24
26 51
22 46
76 100
34 79
37 41
60 21
6 35
8 21
85 11
96 34
49 48
22 94
90 60
58 39
48 23
25 73
74 29
48 53
85 53
38 65
79 62
91 32
49 89
71 81
52 27
70 19
51 48
25 56
75 67
97 58
61 60
59 45
12 14
47 76
86 75
77 81
42 48
29 18
31 62
9 70
91 82
25 64
52 80
21 68
62 45
79 84
60 50
6 71
72 90
72 12
94 29
92 70
55 97
2 85
84 87
79 21
47 94
40 17
45 49
47 51
10 21
77 90
78 76
32 10
86 34
60 46
4 47
95 43
46 99
54 98
48 61
43 66
94 78
100 90
68 82
32 90
88 38
92 36
43 84
31 69
16 42
1 12
67 76
5 14
89 17
94 14
78 42
52 88
35 20
57 16
48 26
85 42
35 28
87 93
37 12
75 68
50 93
94 65
46 36
49 11
78 2
94 80
57 3
95 77
38 36
80 34
53 97
74 78
96 94
54 95
40 57
59 67
44 99
19 90
30 42
69 82
93 90
55 17
93 54
41 46
50 63
9 8
92 7
8 80
66 45
96 32
29 55
4 56
74 6
76 70
57 58
75 63
57 50
62 10
94 3
69 20
31 4
49 40
38 71
84 19
4 48
92 1
19 74
24 73
59 4
33 38
29 33
95 40
10 89
17 12
17 93
82 16
21 16
25 24
36 62
17 76
21 61
8 72
29 27
94 11
64 49
36 85
13 30
33 27
65 88
3 46
94 10
86 100
14 17
86 29
91 31
88 18
56 55
70 20
84 11
16 32
6 75
11 77
25 13
88 61
71 88
85 59
91 8
47 41
89 78
32 49
77 70
54 70
90 8
17 21
32 79
75 20
83 22
14 40
86 58
32 51
87 33
88 73
62 7
43 14
81 4
92 71
4 77
68 14
72 34
74 10
52 9
58 95
49 58
16 72
13 82
19 32
89 52
51 53
15 92
64 33
43 81
82 36
11 8
76 97
90 83
54 94
23 31
54 28
71 91
37 80
59 24
14 72
5 27
44 15
80 9
80 30
21 1
71 4
8 57
72 51
39 54
28 60
45 90
69 53
70 18
62 89
83 7
79 46
95 90
75 25
90 61
79 18
24 60
64 37
33 83
88 63
81 96
51 56
3 74
15 47
13 71
56 59
74 80
26 90
14 36
13 69
78 52
71 8
8 44
23 75
9 30
43 34
38 12
3 17
51 39
49 10
26 4
60 22
27 10
8 13
86 50
66 13
35 59
2 15
51 82
9 57
53 54
9 60
58 32
14 6
27 60
2 96
73 76
42 44
55 47
95 82
69 10
32 82
74 95
27 83
90 55
55 89
19 18
71 17
47 32
49 73
53 49
85 99
21 80
69 38
23 89
85 5
16 25
58 43
41 73
39 57
8 7
24 71
16 50
73 42
18 2
92 37
69 66
96 31
39 83
61 94
100 79
70 64
25 79
15 64
41 9
69 47
53 81
14 7
70 80
29 87
