Nombre del problema: p18_100_600
100 100 600
93 74
81 95
38 54
25 33
7 27
67 70
15 43
81 20
95 43
35 65
72 70
51 93
19 27
28 36
11 18
16 26
42 49
79 98
60 75
44 39
73 7
34 84
12 20
78 10
3 56
76 67
37 5
13 33
48 49
59 2
8 93
80 13
41 33
82 85
57 14
89 8
96 29
98 42
18 58
90 100
24 21
9 32
55 84
71 94
23 83
5 47
40 35
46 73
53 74
17 3
64 36
22 2
87 27
45 81
61 60
2 94
43 90
85 93
100 32
77 41
65 68
32 69
79 7
50 29
10 22
92 83
27 23
47 22
63 76
91 42
88 48
21 11
56 40
86 92
62 4
70 66
6 77
36 51
26 87
49 64
75 70
39 58
74 61
33 100
29 7
99 30
89 33
58 49
31 49
1 69
52 84
84 18
59 11
90 99
42 68
68 54
46 97
4 71
14 6
66 25
56 80
64 27
92 35
91 55
65 70
30 69
12 72
33 31
35 27
39 61
56 76
66 75
61 13
64 35
50 56
99 11
45 2
24 53
6 16
33 70
20 16
34 56
27 59
89 42
78 46
89 47
38 69
2 6
51 22
33 91
11 100
79 73
76 23
77 19
84 50
60 18
73 89
67 7
8 83
75 27
25 83
83 36
91 29
24 54
35 47
18 66
91 16
71 45
69 25
68 84
89 95
46 82
35 76
38 8
28 93
37 40
80 19
57 92
17 69
76 45
34 42
70 17
94 55
28 26
29 67
47 28
55 36
100 85
11 54
6 75
100 24
64 34
8 74
89 31
86 59
56 89
71 48
44 21
1 8
27 46
53 47
51 6
78 12
69 61
74 66
74 84
15 16
71 30
52 100
60 29
25 41
76 33
39 65
10 29
56 42
93 30
85 56
95 4
16 94
35 1
59 13
46 68
47 92
5 39
36 79
66 93
60 73
92 12
22 18
25 37
10 66
73 30
26 94
14 7
79 63
90 76
4 45
24 18
26 15
44 80
54 2
71 62
29 1
55 99
35 58
44 31
67 63
95 70
58 1
23 63
14 29
97 84
29 88
94 3
75 50
60 59
51 1
87 40
58 13
31 45
43 84
5 8
17 91
81 46
69 50
97 60
79 69
31 60
32 13
62 24
41 18
69 94
84 48
5 54
71 23
99 80
82 32
2 69
67 96
3 61
37 55
89 13
25 94
9 37
53 13
95 69
29 25
90 89
17 1
64 78
32 91
98 71
93 58
66 40
95 65
54 17
77 42
32 23
24 44
38 83
80 14
32 47
43 21
69 33
32 60
82 7
94 49
1 87
43 41
43 67
96 81
91 11
43 24
43 88
5 62
98 61
39 26
83 18
14 93
41 89
85 64
31 51
17 94
38 66
21 83
88 54
20 84
55 70
100 12
43 56
40 51
68 27
16 73
55 72
99 57
34 91
3 84
15 33
85 54
75 52
60 83
84 39
38 57
44 88
78 98
48 74
8 66
59 4
24 12
28 80
10 4
19 33
86 90
56 30
80 48
97 24
4 61
17 30
72 15
14 11
89 70
58 73
28 75
22 93
41 8
47 8
57 28
58 20
79 44
4 58
76 3
45 34
60 92
6 82
55 41
61 84
78 7
54 42
8 72
53 71
59 29
60 74
3 25
53 7
84 66
9 35
77 58
4 51
14 37
71 72
35 12
15 12
84 94
53 58
93 49
31 98
72 95
58 67
88 24
81 60
43 69
67 66
11 64
19 3
13 8
36 57
49 9
53 73
25 12
34 39
42 75
48 15
74 28
78 67
69 5
35 70
26 96
20 29
62 1
52 45
50 35
98 67
22 36
90 12
97 81
61 34
26 35
73 43
53 55
55 9
99 82
18 12
100 5
69 77
67 79
11 22
71 11
89 65
13 36
75 36
61 88
46 52
18 76
51 2
88 65
82 47
96 64
99 46
8 85
99 24
37 68
5 25
52 48
70 46
47 30
79 75
64 95
62 93
44 45
43 57
57 22
51 59
17 77
76 46
98 54
99 44
59 26
97 31
49 54
80 95
71 50
41 53
26 95
17 5
2 49
49 92
47 54
4 84
70 50
74 4
16 5
28 50
31 71
69 15
77 4
7 11
76 91
46 50
47 76
23 94
36 23
99 26
86 47
9 13
37 66
14 79
100 47
92 41
43 70
5 24
21 39
52 24
59 73
19 96
9 76
71 57
76 1
37 42
61 53
33 61
31 87
66 32
90 74
45 61
87 43
8 75
36 92
62 2
94 11
9 45
87 47
90 42
59 65
25 32
94 82
41 67
57 60
10 80
42 1
23 84
37 4
10 97
37 51
40 6
55 64
29 98
91 65
31 53
28 60
70 96
88 77
74 21
41 97
42 30
50 36
34 22
50 11
93 69
15 84
48 65
26 45
39 68
72 90
97 78
8 46
61 94
44 67
5 12
28 10
51 84
7 86
28 21
21 98
19 38
30 25
64 33
52 47
34 59
15 38
61 73
77 44
10 39
80 18
60 35
6 44
32 96
73 76
70 47
11 15
53 98
47 93
29 3
52 40
96 16
86 60
55 58
70 68
43 82
34 12
91 82
69 7
87 24
6 26
42 63
42 16
66 61
78 9
48 78
22 88
17 80
75 93
54 79
57 52
49 4
52 2
82 39
41 6
63 30
56 31
65 93
37 69
29 24
57 15
60 98
49 5
10 37
53 79
47 66
73 11
37 71
