Nombre del problema: p31_200_2000
200 200 2000
22 105
119 89
65 127
70 88
71 30
136 167
157 188
107 4
57 71
53 34
165 152
176 30
28 59
186 77
63 18
14 47
174 76
7 122
38 64
29 74
189 133
198 32
160 97
135 145
152 59
112 46
96 90
142 168
58 126
73 39
68 170
3 23
117 164
149 132
200 100
75 56
77 49
44 84
12 36
151 136
83 123
25 153
108 46
59 136
11 84
155 26
109 195
140 50
92 185
81 70
10 137
90 101
35 96
42 196
145 84
74 148
182 178
31 185
2 105
80 41
172 127
185 56
120 93
134 70
184 5
137 104
177 115
196 112
61 169
97 12
116 1
122 34
5 131
30 192
26 137
91 61
87 37
138 53
39 157
24 140
183 75
148 200
46 155
114 109
13 153
54 23
23 136
100 120
43 120
191 34
56 5
15 100
150 1
130 115
27 43
171 14
34 147
187 141
161 168
133 190
193 43
141 134
8 85
123 47
192 128
33 45
121 49
86 127
115 192
180 85
159 72
104 66
18 83
162 120
79 86
88 64
48 158
167 196
67 124
69 11
20 128
197 159
147 28
181 157
124 9
89 174
158 191
194 103
131 153
127 134
102 146
19 10
16 105
101 17
175 189
139 96
146 189
49 96
51 62
129 24
76 194
113 150
72 151
17 107
66 73
190 164
98 45
178 80
166 168
105 101
1 122
156 85
52 75
36 99
195 173
111 181
78 1
84 114
170 19
50 115
164 72
84 93
9 78
21 6
99 120
55 48
45 140
37 98
153 44
126 170
45 153
154 77
110 15
4 106
85 150
168 27
60 132
103 44
41 17
125 69
6 106
107 42
144 83
40 175
132 165
118 119
169 131
94 85
163 180
60 29
62 29
32 179
47 177
95 46
82 70
32 118
143 152
179 134
41 199
61 36
186 170
42 20
118 98
104 53
159 144
63 17
178 33
148 159
63 118
134 174
108 183
71 58
177 68
20 21
1 68
113 114
23 169
183 118
159 43
151 24
159 180
156 42
124 184
67 127
15 105
49 171
60 92
65 38
111 61
25 64
164 188
160 84
98 29
108 35
194 127
7 106
69 147
35 36
20 47
41 180
68 21
41 43
137 139
44 111
138 171
112 20
35 179
108 7
24 80
93 193
17 119
200 112
80 117
112 180
131 87
2 145
94 108
152 96
9 145
83 11
74 77
156 73
20 79
181 118
136 20
27 119
74 174
38 5
88 65
93 32
63 176
148 13
199 135
167 187
23 50
171 178
147 134
67 5
133 102
17 154
115 106
101 200
40 58
147 104
93 145
80 71
112 120
77 147
133 176
127 11
85 197
14 100
181 159
52 121
184 82
113 27
15 56
45 74
152 189
37 34
109 4
50 97
167 177
110 9
162 102
48 121
98 105
162 40
46 134
153 117
109 1
12 56
174 159
89 173
140 198
173 163
130 26
179 136
179 185
86 71
157 81
10 60
55 152
192 135
25 108
16 112
170 157
116 66
104 168
34 154
131 197
171 130
123 59
82 1
92 34
199 182
71 49
100 29
179 89
95 96
107 162
58 18
97 29
143 192
195 65
152 161
46 18
102 184
73 15
176 135
115 163
95 94
167 174
176 52
190 188
153 108
197 143
63 36
10 144
167 75
17 36
51 65
100 37
2 142
118 64
15 155
71 102
21 88
92 112
32 169
164 163
112 162
54 158
91 16
146 162
186 96
139 59
37 182
7 111
153 16
56 180
15 174
153 191
81 113
82 200
49 92
12 197
57 167
150 36
25 174
124 60
63 126
193 29
188 16
171 117
165 52
62 157
31 88
60 148
39 152
107 98
48 104
167 159
166 136
26 180
3 111
137 42
40 11
105 138
79 72
186 86
62 24
78 57
85 53
69 117
140 197
185 78
195 55
46 128
88 40
98 172
40 89
158 178
100 182
152 30
69 65
87 119
43 47
134 140
116 171
141 151
3 10
108 103
55 95
65 32
94 88
116 102
26 145
73 82
99 151
126 147
4 127
38 153
74 72
197 167
18 95
197 23
186 138
80 74
124 118
95 160
103 180
114 20
134 154
9 171
188 150
178 191
152 81
124 200
118 9
84 42
70 119
182 124
137 91
22 160
49 196
175 79
32 189
36 151
12 60
197 151
145 68
4 65
88 29
121 25
39 187
35 46
24 37
8 39
199 166
38 136
126 169
18 149
114 126
20 39
102 179
146 39
84 18
28 45
173 15
29 116
137 163
17 71
194 40
107 76
152 155
163 5
137 155
31 113
131 186
135 163
92 146
157 153
154 169
69 64
63 184
113 157
72 88
192 47
126 158
64 12
76 73
113 9
113 105
76 86
25 178
36 72
7 58
44 41
102 15
186 53
176 132
138 87
166 22
5 20
194 82
195 149
9 89
103 147
69 62
27 182
18 55
188 174
55 147
62 86
167 156
131 118
1 156
16 64
172 4
57 45
159 155
126 81
32 76
78 188
28 83
11 50
55 49
29 6
180 174
68 58
78 135
200 122
128 104
20 194
58 51
195 44
117 81
137 47
153 145
188 165
149 47
12 91
31 191
113 38
197 50
141 68
83 168
170 97
85 119
149 67
48 50
43 136
100 22
42 103
60 185
99 108
161 123
47 184
164 26
136 72
123 185
89 148
14 80
160 11
170 34
67 189
85 2
1 105
43 24
179 121
65 155
187 50
64 7
123 192
156 137
136 74
46 136
185 10
159 103
35 24
117 168
199 47
131 107
118 103
188 199
19 53
96 24
138 120
26 82
80 61
97 149
3 182
158 193
27 150
157 172
106 200
32 138
160 177
136 44
153 114
109 76
123 171
104 200
18 13
87 125
151 118
193 125
33 26
50 132
169 136
93 35
153 79
30 98
101 198
75 19
183 47
81 59
58 34
139 56
22 167
126 139
109 106
168 72
156 121
19 152
107 114
60 89
56 120
81 160
131 32
162 55
15 117
182 14
19 11
8 65
32 84
92 4
162 183
138 118
8 150
171 99
56 187
23 181
130 166
54 99
81 66
61 173
5 97
52 6
60 69
61 98
50 193
112 170
46 55
37 6
120 163
32 55
37 101
192 96
178 86
61 1
170 160
26 96
27 79
141 22
133 107
158 90
23 101
197 184
189 191
27 61
172 169
156 182
100 114
71 170
24 150
111 1
14 160
61 148
183 126
144 51
163 15
98 164
38 98
105 170
98 69
174 109
109 161
116 80
173 53
131 7
161 87
181 7
152 163
153 37
86 51
65 120
1 32
33 21
131 30
29 72
178 78
198 11
91 55
46 156
144 22
44 43
157 116
131 43
150 83
97 77
44 56
94 81
81 115
73 144
99 23
23 145
166 49
194 121
158 98
131 132
142 133
84 144
141 64
137 178
146 7
194 93
110 134
76 131
154 67
116 90
22 11
71 147
197 48
162 186
116 155
199 54
92 119
152 188
111 97
133 108
141 6
48 36
4 132
118 12
69 193
59 1
132 97
37 142
73 150
164 128
69 184
64 81
199 24
75 31
144 87
155 132
189 11
89 38
37 42
123 183
57 139
26 178
192 40
20 22
148 27
103 146
175 21
3 147
38 178
75 53
133 179
165 183
52 148
58 90
184 175
119 83
28 176
173 54
193 67
23 93
11 123
167 100
161 186
74 179
114 90
60 165
50 46
109 197
112 184
22 10
57 61
195 96
24 86
55 62
25 38
192 16
30 175
133 21
177 75
134 116
139 55
147 50
76 178
104 111
84 143
143 27
153 158
30 179
90 154
26 144
84 135
44 10
59 18
99 8
147 94
74 67
135 156
156 52
97 114
12 79
111 22
45 73
122 97
179 155
78 72
30 105
72 51
48 165
182 60
167 82
86 128
38 162
51 95
190 112
168 162
179 71
18 140
137 122
73 148
49 46
8 11
126 133
126 153
29 76
52 164
60 71
47 196
146 28
64 168
96 29
98 53
22 170
155 9
41 6
103 91
164 153
26 117
84 62
53 164
145 77
107 175
81 180
12 143
55 106
49 22
108 12
80 3
133 163
83 132
142 69
36 5
52 91
36 137
137 188
149 181
36 152
20 197
103 152
107 10
69 107
101 121
163 108
99 186
46 106
198 120
104 58
130 30
197 84
60 175
181 124
30 102
119 45
173 26
197 92
125 89
110 200
77 28
75 2
124 176
26 119
115 133
138 43
23 17
174 152
191 104
88 141
147 8
187 148
186 78
149 60
178 4
8 86
96 140
52 195
67 94
13 149
76 144
78 53
8 198
109 13
17 122
97 166
105 13
50 189
9 47
31 106
130 116
30 193
90 48
49 140
82 177
156 200
60 80
105 67
147 120
169 26
178 29
48 189
108 200
123 132
110 97
190 157
152 61
103 148
165 64
100 151
187 76
191 163
186 1
40 95
200 135
17 15
36 200
176 84
161 97
104 26
150 10
185 154
180 44
9 73
199 146
83 113
48 59
199 46
74 56
122 68
189 185
176 143
40 109
39 114
113 89
14 124
65 96
117 193
175 197
151 140
93 198
157 30
173 58
171 126
122 153
182 72
197 148
159 48
116 17
189 179
129 2
140 112
49 78
96 87
172 173
96 125
160 173
67 167
10 92
192 127
60 44
77 14
63 52
90 112
94 21
150 16
2 73
48 18
40 8
154 135
40 17
51 167
8 88
159 18
1 50
127 95
59 63
120 36
43 133
50 145
99 44
129 47
159 70
123 181
86 196
171 136
76 169
151 163
21 98
17 194
72 10
46 181
19 54
101 21
128 36
4 173
150 192
64 11
139 23
131 102
129 200
83 97
6 55
168 89
64 108
174 140
161 27
116 139
8 157
52 90
144 55
52 197
124 2
74 130
1 35
194 147
199 162
114 45
139 87
141 81
2 180
69 97
62 8
166 91
43 140
81 190
94 50
23 109
104 162
55 123
191 55
2 190
101 42
92 174
13 189
13 16
84 163
73 38
53 182
133 113
176 89
147 106
91 200
40 149
49 163
89 169
106 47
79 173
183 150
7 89
200 138
127 155
7 104
178 22
75 28
198 162
102 97
46 142
26 143
118 89
155 66
28 149
25 31
199 72
77 90
144 48
37 5
134 94
178 103
47 25
40 169
191 99
94 185
48 184
32 132
162 20
19 12
93 138
138 19
198 30
108 16
53 6
180 130
13 85
105 56
186 111
24 181
15 146
121 165
166 128
20 142
47 98
60 94
67 10
42 30
143 156
87 99
192 146
170 179
99 131
150 54
172 185
158 114
67 89
161 75
190 113
101 29
149 43
59 53
164 161
77 17
177 123
119 71
40 151
178 49
43 53
147 20
100 125
14 103
60 109
108 52
74 12
67 70
36 114
40 25
76 25
146 91
144 24
62 16
115 52
73 137
131 160
200 86
178 157
36 24
163 10
83 70
62 12
137 108
45 39
87 48
56 85
139 79
53 183
111 57
76 82
102 200
74 187
124 62
117 95
182 111
64 84
198 196
153 194
36 163
146 51
186 126
128 107
147 30
30 166
10 40
19 17
57 189
34 56
1 2
176 27
156 107
195 93
51 175
25 21
130 153
100 74
51 88
184 110
53 65
112 151
45 67
158 26
166 155
130 65
14 98
21 166
113 132
141 128
145 65
19 126
62 137
132 49
75 180
182 71
177 113
163 109
152 40
106 61
99 176
76 137
5 174
71 189
28 52
43 66
76 197
46 93
187 164
128 25
3 73
36 29
128 170
170 134
33 43
48 5
178 145
2 20
89 195
56 167
183 138
15 161
170 59
194 68
41 51
99 13
104 146
124 119
116 83
131 39
57 171
14 56
146 184
123 128
16 116
35 155
72 18
127 14
102 80
67 110
70 133
171 18
188 197
84 118
82 195
100 162
19 46
180 179
125 143
60 104
124 162
56 135
61 147
200 3
90 163
192 95
65 162
41 71
100 23
46 147
170 188
67 30
175 59
163 132
8 29
23 38
97 98
95 165
10 91
84 76
99 179
69 59
133 51
16 170
179 94
52 59
57 29
188 180
187 123
7 3
162 83
30 26
27 137
85 165
88 22
173 105
162 160
177 120
95 153
153 127
3 174
120 180
144 185
113 39
46 54
198 51
193 72
200 150
64 196
138 140
13 169
80 5
61 20
71 132
63 90
20 91
55 187
62 30
128 103
193 142
77 43
26 95
56 145
129 193
144 157
100 13
106 98
57 137
147 139
76 135
7 115
167 193
136 19
40 187
79 195
165 77
111 168
196 50
96 101
67 114
162 173
130 39
92 87
139 114
110 19
192 94
124 29
70 6
196 16
81 83
26 84
81 32
147 169
69 103
178 121
31 12
144 62
127 108
81 170
36 184
51 154
63 33
10 43
148 199
168 186
150 84
24 22
197 63
61 84
113 199
154 113
56 132
101 93
159 99
47 84
128 23
66 84
78 145
99 140
67 66
103 200
13 9
12 89
65 22
110 76
104 144
50 15
114 57
176 62
129 90
174 27
112 159
60 147
68 36
69 198
137 2
36 7
166 35
113 100
127 106
40 118
139 16
73 79
177 7
16 173
165 131
122 182
117 134
137 140
72 107
81 35
153 101
100 176
185 33
43 181
123 40
23 74
108 90
23 70
27 56
162 143
141 104
95 86
27 78
131 38
184 33
107 198
158 76
51 141
46 14
6 172
21 37
175 88
140 143
183 72
153 98
131 148
35 80
159 62
8 6
182 163
184 64
64 189
4 35
24 196
150 5
167 130
89 13
118 139
120 130
102 175
41 102
72 184
140 26
92 130
88 33
31 83
8 1
147 107
91 35
97 74
1 34
181 165
135 105
38 181
62 38
99 62
179 87
127 129
84 189
21 38
26 124
33 92
112 116
68 119
15 35
134 121
115 87
152 108
4 5
148 125
177 148
149 180
142 136
57 173
36 60
175 16
143 128
191 170
135 99
73 90
60 26
104 119
78 193
144 72
115 161
70 123
138 83
199 154
119 44
76 10
12 150
64 30
146 125
162 154
129 7
93 109
68 53
11 98
96 20
164 60
9 125
38 127
81 49
156 132
44 38
112 78
35 191
150 46
32 153
10 16
73 165
116 93
48 186
154 50
122 53
39 200
63 19
155 37
42 62
92 188
57 151
139 40
175 19
138 63
16 104
116 109
189 65
173 70
41 137
164 136
186 141
140 37
94 3
171 36
49 160
191 157
150 52
85 65
124 6
40 198
165 178
46 105
66 52
200 35
34 98
16 106
123 194
13 97
94 137
64 83
189 49
146 93
173 74
48 152
199 90
128 51
107 70
132 96
161 143
139 178
98 151
150 195
63 172
23 59
91 113
196 179
144 138
55 94
191 54
167 150
166 60
157 63
196 117
188 176
103 83
182 90
186 13
2 138
125 192
151 70
171 65
81 11
75 123
118 197
141 166
190 83
124 126
20 35
109 152
150 155
47 143
74 26
56 91
42 116
166 115
157 18
138 100
166 169
156 154
161 1
51 30
2 25
195 25
184 137
173 25
43 105
73 193
90 16
159 149
176 151
127 199
167 111
5 84
77 192
113 34
191 131
38 141
19 179
97 8
42 167
100 186
118 75
124 41
160 129
32 107
70 89
195 66
19 120
156 168
191 40
28 76
200 44
103 99
41 31
132 107
160 43
168 79
6 59
19 99
116 146
34 118
200 165
54 73
19 47
173 139
61 71
114 103
178 200
71 76
163 165
32 111
172 18
44 184
79 166
83 146
44 8
30 47
189 198
161 139
175 108
189 135
122 170
64 178
156 26
145 91
107 176
114 131
152 94
30 155
50 138
129 122
158 148
167 112
97 70
55 74
24 98
4 148
58 175
133 199
120 73
162 99
195 48
200 113
68 167
134 122
178 72
149 63
28 51
53 154
14 179
177 144
117 120
21 16
17 199
102 124
79 116
160 58
65 165
83 30
129 27
46 66
135 12
24 42
106 18
148 68
84 12
95 22
175 116
63 21
198 86
154 39
129 34
176 7
109 117
60 50
192 39
166 135
14 166
38 151
139 195
49 28
22 149
134 129
166 107
79 53
44 134
194 193
194 189
120 71
122 19
141 14
162 150
154 4
102 49
199 37
30 103
42 68
68 190
140 150
176 177
13 111
98 48
3 159
120 60
99 167
3 122
106 2
151 149
86 74
81 102
92 162
146 196
128 150
83 139
174 90
187 191
91 153
81 127
56 186
28 160
24 50
165 134
42 186
59 112
68 137
120 115
115 171
126 179
101 7
22 38
133 50
9 126
105 92
57 166
29 155
99 3
195 111
160 197
147 182
192 176
94 122
137 160
196 46
75 24
126 82
171 50
137 133
144 119
42 126
153 34
128 4
4 104
154 79
27 34
58 5
86 35
59 7
170 28
88 57
106 67
190 52
46 56
142 82
170 163
47 48
2 45
65 94
65 107
112 41
11 115
113 171
186 107
82 151
75 193
123 106
22 48
84 170
135 155
196 11
118 194
151 85
70 53
38 140
92 18
78 136
189 20
13 35
127 87
193 68
122 124
110 144
198 48
110 4
8 177
103 36
131 69
142 129
153 20
170 15
65 40
32 151
185 75
194 45
10 32
87 41
41 163
150 37
198 180
70 153
166 140
48 7
86 100
96 21
166 137
151 7
67 171
119 8
177 13
198 42
49 10
70 4
136 173
132 19
40 41
160 133
51 107
12 42
188 21
97 43
137 180
39 72
126 29
83 180
53 156
130 84
122 88
17 93
24 41
31 66
112 84
13 66
137 165
129 19
11 120
115 138
8 59
26 62
146 72
23 78
65 98
5 95
147 70
150 26
113 196
178 54
112 110
100 194
117 145
197 45
93 169
61 186
188 169
166 6
164 83
76 156
121 118
159 22
73 87
65 172
46 4
192 113
169 21
126 93
197 116
97 138
187 61
24 134
162 70
131 133
194 113
187 87
130 80
166 56
124 190
162 33
197 10
30 146
108 29
142 167
104 13
7 28
33 53
100 95
163 25
145 16
73 119
132 139
191 59
25 135
169 103
173 29
92 169
50 35
105 184
156 34
63 173
179 157
