Nombre del problema: p38_200_2000
200 200 2000
39 111
136 102
102 161
32 19
93 58
197 187
147 16
176 186
17 98
157 8
12 122
172 70
63 134
101 102
56 7
114 74
137 138
193 152
154 78
49 5
117 188
173 87
51 101
80 63
165 81
7 164
125 96
37 118
60 40
200 187
151 138
120 176
23 157
112 143
99 165
61 96
77 106
28 114
104 59
55 148
153 5
2 110
11 106
179 138
13 143
86 161
194 151
170 101
122 69
155 51
180 71
40 76
131 129
67 15
121 68
148 27
140 26
16 192
62 174
1 200
66 39
135 178
190 48
83 25
88 83
123 107
171 128
191 41
95 53
162 52
26 175
89 96
50 185
146 140
183 85
43 36
10 159
78 179
34 50
187 25
159 156
132 175
52 168
105 54
33 150
128 65
143 132
199 15
152 11
133 64
9 20
145 10
21 23
192 186
98 23
116 51
108 86
75 5
196 33
5 87
163 23
68 80
115 160
161 5
97 30
45 122
168 39
177 100
79 73
74 176
106 6
71 194
24 75
36 179
18 85
174 153
41 38
25 189
167 192
139 23
182 170
195 5
181 177
129 11
20 48
64 178
160 3
42 64
22 145
19 74
164 153
73 166
72 29
110 29
150 140
144 80
14 133
31 43
65 70
127 30
57 32
138 66
100 38
29 18
124 42
30 61
184 31
46 134
178 121
169 134
8 176
70 138
87 4
186 7
134 100
158 44
92 174
130 93
58 166
81 116
53 62
91 95
76 95
48 63
94 6
84 125
80 161
126 78
6 111
175 114
69 149
103 181
85 74
90 85
111 44
130 89
82 90
54 66
15 91
119 177
198 21
149 93
113 182
166 106
188 131
141 36
107 196
156 127
109 170
142 26
59 110
3 171
118 117
109 127
189 142
185 93
27 79
35 72
5 47
30 77
178 72
39 7
171 199
167 61
32 90
92 125
10 177
127 68
95 54
65 135
23 173
109 190
93 62
133 38
3 104
194 175
23 48
158 189
130 98
20 122
84 55
75 68
152 89
191 82
117 99
160 69
119 116
63 181
171 61
118 98
163 80
159 108
1 20
32 85
190 143
109 197
149 163
188 60
115 177
43 176
14 200
145 48
200 46
67 151
94 100
5 80
181 6
14 29
28 77
23 101
49 134
53 101
166 35
71 187
173 8
42 47
34 128
123 18
64 137
116 155
111 190
19 160
109 180
55 122
162 151
173 69
184 157
170 198
106 51
25 125
92 175
63 45
172 86
118 130
32 190
103 106
128 79
131 135
53 22
36 188
91 186
87 94
154 146
197 125
115 158
178 83
65 30
181 148
29 104
58 15
39 190
68 180
154 142
135 14
152 108
157 91
53 197
182 121
24 157
150 91
119 100
26 133
11 173
19 4
12 79
14 194
182 167
3 120
100 157
29 92
107 30
33 134
99 162
178 182
89 199
132 48
192 118
168 98
42 52
56 5
178 140
124 10
19 138
155 183
198 131
182 58
112 60
73 126
18 128
131 164
6 126
65 19
118 18
142 162
70 67
189 46
21 149
162 32
104 136
22 64
153 104
129 24
190 22
165 186
84 39
33 83
157 148
123 4
192 42
186 199
64 162
138 199
23 99
105 51
53 103
90 100
147 116
80 125
93 52
189 107
112 103
147 76
24 47
35 77
118 60
141 39
23 33
39 145
104 183
1 52
8 104
96 99
79 103
113 153
134 38
9 152
31 64
138 71
47 96
185 83
184 178
22 138
108 129
116 36
198 192
33 106
75 52
32 12
154 137
173 61
152 149
41 162
79 162
111 187
160 16
5 177
150 98
143 41
37 72
115 181
155 47
86 170
178 95
158 154
44 121
52 71
188 184
107 37
167 33
93 38
151 53
25 190
22 51
164 39
28 163
46 144
125 192
167 169
61 149
154 123
14 132
160 70
75 107
144 162
117 177
5 113
30 47
129 21
148 129
33 191
177 143
192 200
168 23
176 107
2 46
150 10
138 183
6 160
46 91
96 39
72 74
17 43
3 168
124 23
113 91
146 166
196 84
32 37
148 76
97 191
137 97
99 80
178 186
142 111
197 39
82 141
79 172
176 139
118 199
20 132
77 80
41 22
176 9
190 7
65 142
72 77
58 191
32 102
60 12
14 33
143 160
198 69
91 112
90 1
7 198
104 76
72 193
46 62
92 15
35 62
86 6
111 69
173 88
125 170
185 21
200 24
190 5
85 125
92 190
64 173
157 194
73 119
97 21
183 141
175 174
13 154
53 44
181 55
81 123
99 182
57 198
171 195
56 63
30 175
10 189
96 183
178 62
69 125
25 77
6 197
138 93
151 99
172 119
11 171
64 136
153 32
11 151
86 101
129 154
36 22
149 111
92 79
151 22
128 97
26 181
85 61
150 145
156 87
159 1
24 80
95 18
25 47
158 172
8 56
127 157
68 56
76 181
148 32
180 170
150 144
20 93
72 101
60 140
21 29
11 81
18 75
150 163
157 147
38 176
6 18
72 84
127 169
10 47
171 34
123 117
106 14
72 132
118 81
183 27
190 88
149 27
148 150
143 44
137 96
153 186
13 100
166 92
140 156
174 112
31 53
149 39
58 66
1 138
114 104
99 88
36 34
90 109
183 173
180 125
93 23
47 137
174 12
87 176
126 9
112 10
72 13
183 25
99 20
196 17
76 126
131 186
35 176
91 180
194 121
21 50
196 191
179 194
198 115
141 146
42 119
199 29
41 28
58 4
128 62
133 22
147 173
6 82
143 104
162 196
13 128
57 27
123 119
180 196
72 53
153 152
27 181
179 7
71 192
197 72
78 73
119 134
83 49
132 191
189 91
51 10
121 58
165 167
62 105
126 52
55 188
144 116
133 62
36 98
123 162
3 135
134 173
172 176
68 156
198 76
92 170
88 85
143 5
78 52
149 122
127 18
3 133
46 4
155 150
142 14
141 121
49 100
149 164
138 5
5 46
137 193
36 142
192 116
111 193
52 43
63 121
150 7
107 10
26 72
127 102
175 139
133 172
8 7
68 173
35 36
70 7
88 157
70 189
172 40
111 124
148 101
154 2
135 2
125 95
177 31
168 129
148 189
161 7
93 190
191 88
122 73
33 113
20 105
118 181
14 166
5 48
116 100
135 93
15 73
191 23
177 182
16 43
177 77
167 124
169 98
105 103
150 172
197 128
16 126
181 188
131 169
65 57
68 197
100 99
144 32
123 120
106 5
12 102
115 104
75 163
103 129
123 37
117 39
27 132
127 32
174 53
124 22
26 68
166 100
55 153
85 177
114 12
21 102
126 97
55 162
173 171
39 186
82 36
139 22
58 158
34 5
130 133
94 194
179 112
70 79
115 97
82 123
173 179
97 111
130 175
104 14
160 15
36 180
50 103
90 137
32 89
100 85
95 30
107 167
151 34
43 132
75 29
189 99
173 172
52 45
131 83
196 182
179 79
141 192
112 28
100 23
153 129
38 73
171 145
23 44
147 140
184 20
162 197
151 171
17 86
46 54
110 71
14 155
36 108
91 57
48 106
86 104
19 90
69 190
146 84
183 148
66 157
26 184
48 68
64 188
75 88
27 107
7 117
104 23
26 7
165 125
190 162
124 54
4 55
123 77
194 199
115 82
144 160
176 200
110 104
155 32
184 127
5 18
167 38
88 158
121 1
151 136
7 82
132 119
124 158
41 58
171 144
38 3
16 197
34 168
118 56
15 87
135 92
40 182
90 150
143 186
125 5
71 112
99 57
58 55
24 100
54 147
135 100
103 100
126 135
68 71
175 43
157 122
196 31
58 95
81 121
154 169
106 18
145 111
166 16
39 184
20 172
175 88
181 150
78 74
3 141
13 14
48 67
47 133
82 129
55 99
182 159
90 70
110 177
111 170
46 36
15 90
81 179
99 105
102 74
192 194
64 45
115 80
69 124
27 84
144 87
118 138
6 110
10 79
21 27
149 137
39 44
167 85
102 30
166 179
183 16
175 136
70 136
198 182
194 76
121 155
183 137
157 160
17 148
27 14
6 92
191 122
92 134
155 99
52 185
39 193
189 60
195 61
185 157
105 108
53 129
164 22
70 156
114 110
42 36
172 57
171 93
96 8
160 11
2 28
35 182
59 181
37 181
162 163
16 47
75 17
14 101
165 199
6 196
193 103
112 74
71 90
25 119
123 196
136 30
64 125
9 171
155 193
194 31
148 147
69 42
24 69
198 80
19 67
21 64
156 169
173 113
14 197
93 2
17 67
55 141
91 71
165 130
67 133
136 115
169 47
19 82
133 194
43 167
173 130
115 8
65 189
173 26
150 18
196 43
174 13
7 19
199 103
7 64
22 173
164 28
117 79
109 98
27 76
71 170
139 60
81 88
152 158
5 52
167 180
48 117
29 99
171 111
183 151
79 188
173 45
158 193
101 145
139 64
111 110
134 25
125 140
13 51
79 144
109 33
143 162
16 164
84 83
2 19
127 21
136 41
36 38
164 161
149 194
40 151
187 162
8 87
174 24
151 78
15 146
45 142
140 149
135 125
20 195
143 175
132 40
198 11
73 146
103 188
142 31
174 169
80 52
105 47
200 123
38 166
49 124
181 121
20 71
87 170
184 112
151 85
93 76
15 147
147 36
151 18
30 104
165 86
97 101
139 131
29 184
5 196
62 185
96 123
128 82
145 180
43 90
123 69
186 180
124 197
147 53
17 97
111 95
111 48
97 196
99 191
150 126
115 170
83 56
157 20
12 134
152 45
162 96
10 53
153 103
134 60
83 142
35 172
126 18
187 49
128 103
163 99
174 1
74 130
195 36
158 35
8 16
12 107
183 191
70 105
164 25
194 88
30 187
136 84
50 27
140 38
193 183
61 131
163 190
173 138
84 22
139 69
94 160
189 135
55 90
97 176
133 187
134 37
110 131
133 117
63 140
83 190
67 155
178 111
76 53
87 137
140 154
200 135
164 154
140 111
74 2
166 75
53 143
136 2
44 118
173 76
139 179
114 4
31 94
117 142
42 199
137 60
70 112
20 193
38 88
12 70
165 8
114 8
155 138
56 97
110 170
195 54
70 115
29 123
133 143
62 78
91 44
43 139
55 66
1 29
176 31
117 111
115 113
28 8
98 5
148 153
141 27
48 148
133 175
82 198
28 155
61 26
154 72
164 20
98 197
183 156
84 44
174 10
53 175
65 77
6 130
2 82
153 125
43 9
191 169
49 175
7 147
163 72
105 102
60 72
163 165
65 123
1 141
142 34
136 5
154 136
12 74
79 109
38 113
195 198
41 138
186 11
66 96
196 38
11 159
81 4
117 164
199 50
108 148
115 90
58 131
154 109
149 17
110 118
159 20
173 84
15 68
39 139
130 40
168 196
17 60
128 119
164 81
151 88
142 28
45 131
75 78
89 24
88 36
151 42
10 111
127 77
162 94
156 6
186 120
125 124
4 28
133 115
189 88
60 136
197 107
160 109
182 160
104 18
136 177
171 114
161 78
36 173
65 63
165 192
182 94
114 2
147 8
71 145
38 101
4 196
122 133
138 86
187 107
151 188
9 149
108 184
148 106
127 93
177 151
19 174
62 8
76 155
26 147
123 142
190 194
131 137
115 157
44 183
86 27
83 123
38 200
153 183
156 100
75 41
170 135
33 110
194 134
24 190
165 106
167 118
71 57
62 49
200 83
91 199
97 177
104 97
29 58
169 71
130 121
157 133
7 168
153 137
58 45
177 138
91 36
135 160
42 105
190 95
194 132
181 200
113 158
109 134
120 34
105 153
6 198
72 179
86 152
26 79
28 125
192 76
76 168
162 42
149 37
159 38
62 82
93 137
190 155
186 160
104 70
146 112
63 182
25 152
54 91
147 172
116 82
178 166
53 137
9 199
4 54
71 95
128 193
69 162
43 156
188 111
136 45
21 162
97 80
100 143
124 153
101 21
22 125
187 182
33 72
131 35
17 22
28 90
114 129
147 47
64 164
23 2
61 103
30 148
145 194
125 26
179 66
26 93
127 129
16 65
1 152
191 31
157 12
38 132
45 194
174 59
183 13
182 174
177 73
190 21
36 122
135 167
161 155
199 49
126 83
173 190
20 165
53 168
19 128
198 54
192 87
138 142
69 105
198 125
185 2
59 69
19 35
157 134
81 73
98 41
93 10
68 16
67 165
132 193
108 117
135 190
78 85
96 52
39 125
145 193
74 91
168 143
108 64
145 181
111 119
124 37
68 93
184 161
58 105
80 79
176 79
55 149
129 134
141 5
141 29
130 80
24 3
78 27
136 118
42 10
32 95
160 121
161 31
105 76
14 195
182 110
98 142
121 199
160 76
122 3
75 141
33 75
155 11
79 52
85 168
177 118
145 55
46 31
28 140
113 45
149 62
51 180
49 171
120 100
191 72
166 188
166 161
161 173
164 111
149 180
63 170
97 130
86 145
117 47
179 25
4 171
29 44
82 169
102 183
89 81
19 162
90 93
134 95
154 131
95 142
133 52
108 111
21 146
50 152
100 113
38 124
110 54
13 77
184 159
174 158
20 22
7 99
107 117
81 150
90 194
4 31
129 52
17 73
19 96
31 163
16 83
173 98
22 144
131 82
71 135
181 132
96 98
124 30
194 38
99 35
109 30
131 167
171 80
110 38
152 159
48 40
95 93
46 113
139 161
129 185
121 170
70 121
184 42
74 55
182 85
81 160
89 118
189 77
35 162
195 82
130 52
59 45
166 105
26 153
43 59
127 126
62 7
194 54
104 124
22 74
119 136
116 85
49 111
194 150
31 153
127 124
177 7
195 106
44 135
75 125
1 156
54 34
123 42
119 49
172 59
109 117
34 45
138 187
131 4
107 40
77 196
96 16
58 138
5 157
33 12
128 189
196 63
96 86
165 111
49 153
77 56
23 182
128 27
68 51
45 130
156 134
172 90
26 174
163 100
170 2
145 56
67 50
43 197
12 101
149 128
14 172
123 66
147 55
48 197
141 38
102 175
106 19
54 159
61 81
65 129
61 125
51 46
9 173
101 109
66 83
42 117
183 111
194 127
190 94
115 66
49 121
32 200
5 53
148 29
100 188
24 2
102 4
167 162
187 38
95 16
10 73
116 193
43 96
200 58
112 15
52 66
27 63
84 36
67 142
18 27
170 166
87 88
14 40
192 52
55 200
111 92
86 92
91 16
48 178
42 161
123 187
169 85
111 13
181 1
180 42
162 7
157 113
106 161
20 116
152 116
197 26
13 48
135 157
75 151
56 14
41 92
176 16
54 142
18 138
33 77
30 25
72 189
58 198
191 137
3 131
188 129
126 156
97 102
19 100
9 13
189 53
183 131
107 140
163 8
147 156
22 111
56 117
72 89
120 112
163 135
148 42
9 47
89 86
35 153
157 170
6 79
43 101
67 1
106 3
196 110
72 21
90 96
46 139
3 143
69 159
94 84
126 87
11 108
39 187
168 149
124 126
183 79
42 43
184 194
166 69
5 93
25 69
111 146
119 18
38 185
112 185
165 61
153 92
51 194
16 177
139 120
81 102
103 161
163 21
19 198
138 163
44 162
122 121
144 168
55 150
47 156
116 39
154 55
139 81
83 119
141 37
117 158
74 166
78 10
51 112
29 81
185 150
33 140
60 80
131 75
68 177
119 45
124 133
187 41
128 28
185 74
70 25
147 75
147 141
180 5
57 140
92 38
176 102
196 164
43 104
187 179
132 100
11 126
89 117
179 169
84 95
197 122
132 127
16 106
191 76
145 66
21 43
24 194
43 57
100 122
72 36
40 117
199 111
79 77
18 78
138 7
167 7
181 137
75 7
153 118
81 191
130 50
125 186
175 45
42 78
119 68
28 97
84 34
188 80
64 3
11 68
149 113
186 93
33 51
146 115
41 170
40 171
53 78
147 63
133 185
17 162
26 178
126 138
96 164
151 143
122 176
46 106
63 33
135 89
92 110
2 99
18 197
17 134
140 86
125 168
71 66
167 42
41 105
66 109
25 106
23 61
20 51
142 27
29 125
98 71
174 154
99 176
151 124
93 167
120 174
107 74
170 199
159 98
84 178
117 191
90 130
24 35
97 105
12 64
37 140
37 26
37 68
123 43
154 120
29 118
33 149
100 30
161 55
15 11
146 77
96 198
177 141
198 56
133 144
45 87
99 124
130 115
12 146
67 72
40 181
120 157
161 109
193 28
21 81
192 120
1 40
47 184
84 32
102 119
188 56
123 148
171 22
143 95
146 50
137 126
77 101
142 66
52 166
166 90
168 184
89 174
104 174
17 182
140 122
97 153
62 14
39 147
70 113
111 186
143 171
106 9
16 120
6 32
13 192
49 69
187 44
83 75
159 194
77 188
66 111
124 18
127 178
39 121
59 121
120 147
197 161
120 109
159 107
43 74
67 144
174 95
168 126
134 160
74 105
124 62
85 131
132 167
100 175
78 86
78 100
1 182
48 90
54 136
67 11
39 74
33 171
156 67
9 89
95 120
126 84
95 77
156 82
2 35
104 52
47 59
87 105
75 186
177 62
184 89
39 48
188 38
63 162
193 6
108 131
139 82
78 144
184 180
87 166
31 45
38 125
103 38
108 55
131 65
46 129
170 49
56 55
125 137
130 167
20 155
114 26
26 54
193 175
188 92
53 36
114 24
152 27
78 20
132 56
78 200
85 164
8 23
83 114
98 116
137 83
82 39
97 120
74 61
22 154
142 178
47 53
123 7
68 43
128 63
97 182
153 108
32 40
55 12
160 133
46 159
32 45
124 58
133 162
13 24
167 8
147 30
48 85
125 158
196 75
101 174
95 108
54 193
76 86
117 183
42 127
55 57
76 122
92 200
184 66
199 159
5 36
38 62
70 46
114 180
120 57
140 58
107 80
133 123
17 82
43 1
197 133
56 168
73 86
140 4
104 38
126 120
192 174
71 184
154 196
156 166
14 182
80 128
189 71
82 200
173 191
16 155
122 54
100 194
160 126
124 88
49 131
95 172
95 68
188 37
59 67
141 73
5 162
181 158
133 126
