Nombre del problema: 3dmesh_3_3_400.txt
3600 3600 8391
1 2
1 4
1 10
2 3
2 5
2 11
3 6
3 12
4 5
4 7
4 13
5 6
5 8
5 14
6 9
6 15
7 8
7 16
8 9
8 17
9 18
10 11
10 13
10 19
11 12
11 14
11 20
12 15
12 21
13 14
13 16
13 22
14 15
14 17
14 23
15 18
15 24
16 17
16 25
17 18
17 26
18 27
19 20
19 22
19 28
20 21
20 23
20 29
21 24
21 30
22 23
22 25
22 31
23 24
23 26
23 32
24 27
24 33
25 26
25 34
26 27
26 35
27 36
28 29
28 31
28 37
29 30
29 32
29 38
30 33
30 39
31 32
31 34
31 40
32 33
32 35
32 41
33 36
33 42
34 35
34 43
35 36
35 44
36 45
37 38
37 40
37 46
38 39
38 41
38 47
39 42
39 48
40 41
40 43
40 49
41 42
41 44
41 50
42 45
42 51
43 44
43 52
44 45
44 53
45 54
46 47
46 49
46 55
47 48
47 50
47 56
48 51
48 57
49 50
49 52
49 58
50 51
50 53
50 59
51 54
51 60
52 53
52 61
53 54
53 62
54 63
55 56
55 58
55 64
56 57
56 59
56 65
57 60
57 66
58 59
58 61
58 67
59 60
59 62
59 68
60 63
60 69
61 62
61 70
62 63
62 71
63 72
64 65
64 67
64 73
65 66
65 68
65 74
66 69
66 75
67 68
67 70
67 76
68 69
68 71
68 77
69 72
69 78
70 71
70 79
71 72
71 80
72 81
73 74
73 76
73 82
74 75
74 77
74 83
75 78
75 84
76 77
76 79
76 85
77 78
77 80
77 86
78 81
78 87
79 80
79 88
80 81
80 89
81 90
82 83
82 85
82 91
83 84
83 86
83 92
84 87
84 93
85 86
85 88
85 94
86 87
86 89
86 95
87 90
87 96
88 89
88 97
89 90
89 98
90 99
91 92
91 94
91 100
92 93
92 95
92 101
93 96
93 102
94 95
94 97
94 103
95 96
95 98
95 104
96 99
96 105
97 98
97 106
98 99
98 107
99 108
100 101
100 103
100 109
101 102
101 104
101 110
102 105
102 111
103 104
103 106
103 112
104 105
104 107
104 113
105 108
105 114
106 107
106 115
107 108
107 116
108 117
109 110
109 112
109 118
110 111
110 113
110 119
111 114
111 120
112 113
112 115
112 121
113 114
113 116
113 122
114 117
114 123
115 116
115 124
116 117
116 125
117 126
118 119
118 121
118 127
119 120
119 122
119 128
120 123
120 129
121 122
121 124
121 130
122 123
122 125
122 131
123 126
123 132
124 125
124 133
125 126
125 134
126 135
127 128
127 130
127 136
128 129
128 131
128 137
129 132
129 138
130 131
130 133
130 139
131 132
131 134
131 140
132 135
132 141
133 134
133 142
134 135
134 143
135 144
136 137
136 139
136 145
137 138
137 140
137 146
138 141
138 147
139 140
139 142
139 148
140 141
140 143
140 149
141 144
141 150
142 143
142 151
143 144
143 152
144 153
145 146
145 148
145 154
146 147
146 149
146 155
147 150
147 156
148 149
148 151
148 157
149 150
149 152
149 158
150 153
150 159
151 152
151 160
152 153
152 161
153 162
154 155
154 157
154 163
155 156
155 158
155 164
156 159
156 165
157 158
157 160
157 166
158 159
158 161
158 167
159 162
159 168
160 161
160 169
161 162
161 170
162 171
163 164
163 166
163 172
164 165
164 167
164 173
165 168
165 174
166 167
166 169
166 175
167 168
167 170
167 176
168 171
168 177
169 170
169 178
170 171
170 179
171 180
172 173
172 175
172 181
173 174
173 176
173 182
174 177
174 183
175 176
175 178
175 184
176 177
176 179
176 185
177 180
177 186
178 179
178 187
179 180
179 188
180 189
181 182
181 184
181 190
182 183
182 185
182 191
183 186
183 192
184 185
184 187
184 193
185 186
185 188
185 194
186 189
186 195
187 188
187 196
188 189
188 197
189 198
190 191
190 193
190 199
191 192
191 194
191 200
192 195
192 201
193 194
193 196
193 202
194 195
194 197
194 203
195 198
195 204
196 197
196 205
197 198
197 206
198 207
199 200
199 202
199 208
200 201
200 203
200 209
201 204
201 210
202 203
202 205
202 211
203 204
203 206
203 212
204 207
204 213
205 206
205 214
206 207
206 215
207 216
208 209
208 211
208 217
209 210
209 212
209 218
210 213
210 219
211 212
211 214
211 220
212 213
212 215
212 221
213 216
213 222
214 215
214 223
215 216
215 224
216 225
217 218
217 220
217 226
218 219
218 221
218 227
219 222
219 228
220 221
220 223
220 229
221 222
221 224
221 230
222 225
222 231
223 224
223 232
224 225
224 233
225 234
226 227
226 229
226 235
227 228
227 230
227 236
228 231
228 237
229 230
229 232
229 238
230 231
230 233
230 239
231 234
231 240
232 233
232 241
233 234
233 242
234 243
235 236
235 238
235 244
236 237
236 239
236 245
237 240
237 246
238 239
238 241
238 247
239 240
239 242
239 248
240 243
240 249
241 242
241 250
242 243
242 251
243 252
244 245
244 247
244 253
245 246
245 248
245 254
246 249
246 255
247 248
247 250
247 256
248 249
248 251
248 257
249 252
249 258
250 251
250 259
251 252
251 260
252 261
253 254
253 256
253 262
254 255
254 257
254 263
255 258
255 264
256 257
256 259
256 265
257 258
257 260
257 266
258 261
258 267
259 260
259 268
260 261
260 269
261 270
262 263
262 265
262 271
263 264
263 266
263 272
264 267
264 273
265 266
265 268
265 274
266 267
266 269
266 275
267 270
267 276
268 269
268 277
269 270
269 278
270 279
271 272
271 274
271 280
272 273
272 275
272 281
273 276
273 282
274 275
274 277
274 283
275 276
275 278
275 284
276 279
276 285
277 278
277 286
278 279
278 287
279 288
280 281
280 283
280 289
281 282
281 284
281 290
282 285
282 291
283 284
283 286
283 292
284 285
284 287
284 293
285 288
285 294
286 287
286 295
287 288
287 296
288 297
289 290
289 292
289 298
290 291
290 293
290 299
291 294
291 300
292 293
292 295
292 301
293 294
293 296
293 302
294 297
294 303
295 296
295 304
296 297
296 305
297 306
298 299
298 301
298 307
299 300
299 302
299 308
300 303
300 309
301 302
301 304
301 310
302 303
302 305
302 311
303 306
303 312
304 305
304 313
305 306
305 314
306 315
307 308
307 310
307 316
308 309
308 311
308 317
309 312
309 318
310 311
310 313
310 319
311 312
311 314
311 320
312 315
312 321
313 314
313 322
314 315
314 323
315 324
316 317
316 319
316 325
317 318
317 320
317 326
318 321
318 327
319 320
319 322
319 328
320 321
320 323
320 329
321 324
321 330
322 323
322 331
323 324
323 332
324 333
325 326
325 328
325 334
326 327
326 329
326 335
327 330
327 336
328 329
328 331
328 337
329 330
329 332
329 338
330 333
330 339
331 332
331 340
332 333
332 341
333 342
334 335
334 337
334 343
335 336
335 338
335 344
336 339
336 345
337 338
337 340
337 346
338 339
338 341
338 347
339 342
339 348
340 341
340 349
341 342
341 350
342 351
343 344
343 346
343 352
344 345
344 347
344 353
345 348
345 354
346 347
346 349
346 355
347 348
347 350
347 356
348 351
348 357
349 350
349 358
350 351
350 359
351 360
352 353
352 355
352 361
353 354
353 356
353 362
354 357
354 363
355 356
355 358
355 364
356 357
356 359
356 365
357 360
357 366
358 359
358 367
359 360
359 368
360 369
361 362
361 364
361 370
362 363
362 365
362 371
363 366
363 372
364 365
364 367
364 373
365 366
365 368
365 374
366 369
366 375
367 368
367 376
368 369
368 377
369 378
370 371
370 373
370 379
371 372
371 374
371 380
372 375
372 381
373 374
373 376
373 382
374 375
374 377
374 383
375 378
375 384
376 377
376 385
377 378
377 386
378 387
379 380
379 382
379 388
380 381
380 383
380 389
381 384
381 390
382 383
382 385
382 391
383 384
383 386
383 392
384 387
384 393
385 386
385 394
386 387
386 395
387 396
388 389
388 391
388 397
389 390
389 392
389 398
390 393
390 399
391 392
391 394
391 400
392 393
392 395
392 401
393 396
393 402
394 395
394 403
395 396
395 404
396 405
397 398
397 400
397 406
398 399
398 401
398 407
399 402
399 408
400 401
400 403
400 409
401 402
401 404
401 410
402 405
402 411
403 404
403 412
404 405
404 413
405 414
406 407
406 409
406 415
407 408
407 410
407 416
408 411
408 417
409 410
409 412
409 418
410 411
410 413
410 419
411 414
411 420
412 413
412 421
413 414
413 422
414 423
415 416
415 418
415 424
416 417
416 419
416 425
417 420
417 426
418 419
418 421
418 427
419 420
419 422
419 428
420 423
420 429
421 422
421 430
422 423
422 431
423 432
424 425
424 427
424 433
425 426
425 428
425 434
426 429
426 435
427 428
427 430
427 436
428 429
428 431
428 437
429 432
429 438
430 431
430 439
431 432
431 440
432 441
433 434
433 436
433 442
434 435
434 437
434 443
435 438
435 444
436 437
436 439
436 445
437 438
437 440
437 446
438 441
438 447
439 440
439 448
440 441
440 449
441 450
442 443
442 445
442 451
443 444
443 446
443 452
444 447
444 453
445 446
445 448
445 454
446 447
446 449
446 455
447 450
447 456
448 449
448 457
449 450
449 458
450 459
451 452
451 454
451 460
452 453
452 455
452 461
453 456
453 462
454 455
454 457
454 463
455 456
455 458
455 464
456 459
456 465
457 458
457 466
458 459
458 467
459 468
460 461
460 463
460 469
461 462
461 464
461 470
462 465
462 471
463 464
463 466
463 472
464 465
464 467
464 473
465 468
465 474
466 467
466 475
467 468
467 476
468 477
469 470
469 472
469 478
470 471
470 473
470 479
471 474
471 480
472 473
472 475
472 481
473 474
473 476
473 482
474 477
474 483
475 476
475 484
476 477
476 485
477 486
478 479
478 481
478 487
479 480
479 482
479 488
480 483
480 489
481 482
481 484
481 490
482 483
482 485
482 491
483 486
483 492
484 485
484 493
485 486
485 494
486 495
487 488
487 490
487 496
488 489
488 491
488 497
489 492
489 498
490 491
490 493
490 499
491 492
491 494
491 500
492 495
492 501
493 494
493 502
494 495
494 503
495 504
496 497
496 499
496 505
497 498
497 500
497 506
498 501
498 507
499 500
499 502
499 508
500 501
500 503
500 509
501 504
501 510
502 503
502 511
503 504
503 512
504 513
505 506
505 508
505 514
506 507
506 509
506 515
507 510
507 516
508 509
508 511
508 517
509 510
509 512
509 518
510 513
510 519
511 512
511 520
512 513
512 521
513 522
514 515
514 517
514 523
515 516
515 518
515 524
516 519
516 525
517 518
517 520
517 526
518 519
518 521
518 527
519 522
519 528
520 521
520 529
521 522
521 530
522 531
523 524
523 526
523 532
524 525
524 527
524 533
525 528
525 534
526 527
526 529
526 535
527 528
527 530
527 536
528 531
528 537
529 530
529 538
530 531
530 539
531 540
532 533
532 535
532 541
533 534
533 536
533 542
534 537
534 543
535 536
535 538
535 544
536 537
536 539
536 545
537 540
537 546
538 539
538 547
539 540
539 548
540 549
541 542
541 544
541 550
542 543
542 545
542 551
543 546
543 552
544 545
544 547
544 553
545 546
545 548
545 554
546 549
546 555
547 548
547 556
548 549
548 557
549 558
550 551
550 553
550 559
551 552
551 554
551 560
552 555
552 561
553 554
553 556
553 562
554 555
554 557
554 563
555 558
555 564
556 557
556 565
557 558
557 566
558 567
559 560
559 562
559 568
560 561
560 563
560 569
561 564
561 570
562 563
562 565
562 571
563 564
563 566
563 572
564 567
564 573
565 566
565 574
566 567
566 575
567 576
568 569
568 571
568 577
569 570
569 572
569 578
570 573
570 579
571 572
571 574
571 580
572 573
572 575
572 581
573 576
573 582
574 575
574 583
575 576
575 584
576 585
577 578
577 580
577 586
578 579
578 581
578 587
579 582
579 588
580 581
580 583
580 589
581 582
581 584
581 590
582 585
582 591
583 584
583 592
584 585
584 593
585 594
586 587
586 589
586 595
587 588
587 590
587 596
588 591
588 597
589 590
589 592
589 598
590 591
590 593
590 599
591 594
591 600
592 593
592 601
593 594
593 602
594 603
595 596
595 598
595 604
596 597
596 599
596 605
597 600
597 606
598 599
598 601
598 607
599 600
599 602
599 608
600 603
600 609
601 602
601 610
602 603
602 611
603 612
604 605
604 607
604 613
605 606
605 608
605 614
606 609
606 615
607 608
607 610
607 616
608 609
608 611
608 617
609 612
609 618
610 611
610 619
611 612
611 620
612 621
613 614
613 616
613 622
614 615
614 617
614 623
615 618
615 624
616 617
616 619
616 625
617 618
617 620
617 626
618 621
618 627
619 620
619 628
620 621
620 629
621 630
622 623
622 625
622 631
623 624
623 626
623 632
624 627
624 633
625 626
625 628
625 634
626 627
626 629
626 635
627 630
627 636
628 629
628 637
629 630
629 638
630 639
631 632
631 634
631 640
632 633
632 635
632 641
633 636
633 642
634 635
634 637
634 643
635 636
635 638
635 644
636 639
636 645
637 638
637 646
638 639
638 647
639 648
640 641
640 643
640 649
641 642
641 644
641 650
642 645
642 651
643 644
643 646
643 652
644 645
644 647
644 653
645 648
645 654
646 647
646 655
647 648
647 656
648 657
649 650
649 652
649 658
650 651
650 653
650 659
651 654
651 660
652 653
652 655
652 661
653 654
653 656
653 662
654 657
654 663
655 656
655 664
656 657
656 665
657 666
658 659
658 661
658 667
659 660
659 662
659 668
660 663
660 669
661 662
661 664
661 670
662 663
662 665
662 671
663 666
663 672
664 665
664 673
665 666
665 674
666 675
667 668
667 670
667 676
668 669
668 671
668 677
669 672
669 678
670 671
670 673
670 679
671 672
671 674
671 680
672 675
672 681
673 674
673 682
674 675
674 683
675 684
676 677
676 679
676 685
677 678
677 680
677 686
678 681
678 687
679 680
679 682
679 688
680 681
680 683
680 689
681 684
681 690
682 683
682 691
683 684
683 692
684 693
685 686
685 688
685 694
686 687
686 689
686 695
687 690
687 696
688 689
688 691
688 697
689 690
689 692
689 698
690 693
690 699
691 692
691 700
692 693
692 701
693 702
694 695
694 697
694 703
695 696
695 698
695 704
696 699
696 705
697 698
697 700
697 706
698 699
698 701
698 707
699 702
699 708
700 701
700 709
701 702
701 710
702 711
703 704
703 706
703 712
704 705
704 707
704 713
705 708
705 714
706 707
706 709
706 715
707 708
707 710
707 716
708 711
708 717
709 710
709 718
710 711
710 719
711 720
712 713
712 715
712 721
713 714
713 716
713 722
714 717
714 723
715 716
715 718
715 724
716 717
716 719
716 725
717 720
717 726
718 719
718 727
719 720
719 728
720 729
721 722
721 724
721 730
722 723
722 725
722 731
723 726
723 732
724 725
724 727
724 733
725 726
725 728
725 734
726 729
726 735
727 728
727 736
728 729
728 737
729 738
730 731
730 733
730 739
731 732
731 734
731 740
732 735
732 741
733 734
733 736
733 742
734 735
734 737
734 743
735 738
735 744
736 737
736 745
737 738
737 746
738 747
739 740
739 742
739 748
740 741
740 743
740 749
741 744
741 750
742 743
742 745
742 751
743 744
743 746
743 752
744 747
744 753
745 746
745 754
746 747
746 755
747 756
748 749
748 751
748 757
749 750
749 752
749 758
750 753
750 759
751 752
751 754
751 760
752 753
752 755
752 761
753 756
753 762
754 755
754 763
755 756
755 764
756 765
757 758
757 760
757 766
758 759
758 761
758 767
759 762
759 768
760 761
760 763
760 769
761 762
761 764
761 770
762 765
762 771
763 764
763 772
764 765
764 773
765 774
766 767
766 769
766 775
767 768
767 770
767 776
768 771
768 777
769 770
769 772
769 778
770 771
770 773
770 779
771 774
771 780
772 773
772 781
773 774
773 782
774 783
775 776
775 778
775 784
776 777
776 779
776 785
777 780
777 786
778 779
778 781
778 787
779 780
779 782
779 788
780 783
780 789
781 782
781 790
782 783
782 791
783 792
784 785
784 787
784 793
785 786
785 788
785 794
786 789
786 795
787 788
787 790
787 796
788 789
788 791
788 797
789 792
789 798
790 791
790 799
791 792
791 800
792 801
793 794
793 796
793 802
794 795
794 797
794 803
795 798
795 804
796 797
796 799
796 805
797 798
797 800
797 806
798 801
798 807
799 800
799 808
800 801
800 809
801 810
802 803
802 805
802 811
803 804
803 806
803 812
804 807
804 813
805 806
805 808
805 814
806 807
806 809
806 815
807 810
807 816
808 809
808 817
809 810
809 818
810 819
811 812
811 814
811 820
812 813
812 815
812 821
813 816
813 822
814 815
814 817
814 823
815 816
815 818
815 824
816 819
816 825
817 818
817 826
818 819
818 827
819 828
820 821
820 823
820 829
821 822
821 824
821 830
822 825
822 831
823 824
823 826
823 832
824 825
824 827
824 833
825 828
825 834
826 827
826 835
827 828
827 836
828 837
829 830
829 832
829 838
830 831
830 833
830 839
831 834
831 840
832 833
832 835
832 841
833 834
833 836
833 842
834 837
834 843
835 836
835 844
836 837
836 845
837 846
838 839
838 841
838 847
839 840
839 842
839 848
840 843
840 849
841 842
841 844
841 850
842 843
842 845
842 851
843 846
843 852
844 845
844 853
845 846
845 854
846 855
847 848
847 850
847 856
848 849
848 851
848 857
849 852
849 858
850 851
850 853
850 859
851 852
851 854
851 860
852 855
852 861
853 854
853 862
854 855
854 863
855 864
856 857
856 859
856 865
857 858
857 860
857 866
858 861
858 867
859 860
859 862
859 868
860 861
860 863
860 869
861 864
861 870
862 863
862 871
863 864
863 872
864 873
865 866
865 868
865 874
866 867
866 869
866 875
867 870
867 876
868 869
868 871
868 877
869 870
869 872
869 878
870 873
870 879
871 872
871 880
872 873
872 881
873 882
874 875
874 877
874 883
875 876
875 878
875 884
876 879
876 885
877 878
877 880
877 886
878 879
878 881
878 887
879 882
879 888
880 881
880 889
881 882
881 890
882 891
883 884
883 886
883 892
884 885
884 887
884 893
885 888
885 894
886 887
886 889
886 895
887 888
887 890
887 896
888 891
888 897
889 890
889 898
890 891
890 899
891 900
892 893
892 895
892 901
893 894
893 896
893 902
894 897
894 903
895 896
895 898
895 904
896 897
896 899
896 905
897 900
897 906
898 899
898 907
899 900
899 908
900 909
901 902
901 904
901 910
902 903
902 905
902 911
903 906
903 912
904 905
904 907
904 913
905 906
905 908
905 914
906 909
906 915
907 908
907 916
908 909
908 917
909 918
910 911
910 913
910 919
911 912
911 914
911 920
912 915
912 921
913 914
913 916
913 922
914 915
914 917
914 923
915 918
915 924
916 917
916 925
917 918
917 926
918 927
919 920
919 922
919 928
920 921
920 923
920 929
921 924
921 930
922 923
922 925
922 931
923 924
923 926
923 932
924 927
924 933
925 926
925 934
926 927
926 935
927 936
928 929
928 931
928 937
929 930
929 932
929 938
930 933
930 939
931 932
931 934
931 940
932 933
932 935
932 941
933 936
933 942
934 935
934 943
935 936
935 944
936 945
937 938
937 940
937 946
938 939
938 941
938 947
939 942
939 948
940 941
940 943
940 949
941 942
941 944
941 950
942 945
942 951
943 944
943 952
944 945
944 953
945 954
946 947
946 949
946 955
947 948
947 950
947 956
948 951
948 957
949 950
949 952
949 958
950 951
950 953
950 959
951 954
951 960
952 953
952 961
953 954
953 962
954 963
955 956
955 958
955 964
956 957
956 959
956 965
957 960
957 966
958 959
958 961
958 967
959 960
959 962
959 968
960 963
960 969
961 962
961 970
962 963
962 971
963 972
964 965
964 967
964 973
965 966
965 968
965 974
966 969
966 975
967 968
967 970
967 976
968 969
968 971
968 977
969 972
969 978
970 971
970 979
971 972
971 980
972 981
973 974
973 976
973 982
974 975
974 977
974 983
975 978
975 984
976 977
976 979
976 985
977 978
977 980
977 986
978 981
978 987
979 980
979 988
980 981
980 989
981 990
982 983
982 985
982 991
983 984
983 986
983 992
984 987
984 993
985 986
985 988
985 994
986 987
986 989
986 995
987 990
987 996
988 989
988 997
989 990
989 998
990 999
991 992
991 994
991 1000
992 993
992 995
992 1001
993 996
993 1002
994 995
994 997
994 1003
995 996
995 998
995 1004
996 999
996 1005
997 998
997 1006
998 999
998 1007
999 1008
1000 1001
1000 1003
1000 1009
1001 1002
1001 1004
1001 1010
1002 1005
1002 1011
1003 1004
1003 1006
1003 1012
1004 1005
1004 1007
1004 1013
1005 1008
1005 1014
1006 1007
1006 1015
1007 1008
1007 1016
1008 1017
1009 1010
1009 1012
1009 1018
1010 1011
1010 1013
1010 1019
1011 1014
1011 1020
1012 1013
1012 1015
1012 1021
1013 1014
1013 1016
1013 1022
1014 1017
1014 1023
1015 1016
1015 1024
1016 1017
1016 1025
1017 1026
1018 1019
1018 1021
1018 1027
1019 1020
1019 1022
1019 1028
1020 1023
1020 1029
1021 1022
1021 1024
1021 1030
1022 1023
1022 1025
1022 1031
1023 1026
1023 1032
1024 1025
1024 1033
1025 1026
1025 1034
1026 1035
1027 1028
1027 1030
1027 1036
1028 1029
1028 1031
1028 1037
1029 1032
1029 1038
1030 1031
1030 1033
1030 1039
1031 1032
1031 1034
1031 1040
1032 1035
1032 1041
1033 1034
1033 1042
1034 1035
1034 1043
1035 1044
1036 1037
1036 1039
1036 1045
1037 1038
1037 1040
1037 1046
1038 1041
1038 1047
1039 1040
1039 1042
1039 1048
1040 1041
1040 1043
1040 1049
1041 1044
1041 1050
1042 1043
1042 1051
1043 1044
1043 1052
1044 1053
1045 1046
1045 1048
1045 1054
1046 1047
1046 1049
1046 1055
1047 1050
1047 1056
1048 1049
1048 1051
1048 1057
1049 1050
1049 1052
1049 1058
1050 1053
1050 1059
1051 1052
1051 1060
1052 1053
1052 1061
1053 1062
1054 1055
1054 1057
1054 1063
1055 1056
1055 1058
1055 1064
1056 1059
1056 1065
1057 1058
1057 1060
1057 1066
1058 1059
1058 1061
1058 1067
1059 1062
1059 1068
1060 1061
1060 1069
1061 1062
1061 1070
1062 1071
1063 1064
1063 1066
1063 1072
1064 1065
1064 1067
1064 1073
1065 1068
1065 1074
1066 1067
1066 1069
1066 1075
1067 1068
1067 1070
1067 1076
1068 1071
1068 1077
1069 1070
1069 1078
1070 1071
1070 1079
1071 1080
1072 1073
1072 1075
1072 1081
1073 1074
1073 1076
1073 1082
1074 1077
1074 1083
1075 1076
1075 1078
1075 1084
1076 1077
1076 1079
1076 1085
1077 1080
1077 1086
1078 1079
1078 1087
1079 1080
1079 1088
1080 1089
1081 1082
1081 1084
1081 1090
1082 1083
1082 1085
1082 1091
1083 1086
1083 1092
1084 1085
1084 1087
1084 1093
1085 1086
1085 1088
1085 1094
1086 1089
1086 1095
1087 1088
1087 1096
1088 1089
1088 1097
1089 1098
1090 1091
1090 1093
1090 1099
1091 1092
1091 1094
1091 1100
1092 1095
1092 1101
1093 1094
1093 1096
1093 1102
1094 1095
1094 1097
1094 1103
1095 1098
1095 1104
1096 1097
1096 1105
1097 1098
1097 1106
1098 1107
1099 1100
1099 1102
1099 1108
1100 1101
1100 1103
1100 1109
1101 1104
1101 1110
1102 1103
1102 1105
1102 1111
1103 1104
1103 1106
1103 1112
1104 1107
1104 1113
1105 1106
1105 1114
1106 1107
1106 1115
1107 1116
1108 1109
1108 1111
1108 1117
1109 1110
1109 1112
1109 1118
1110 1113
1110 1119
1111 1112
1111 1114
1111 1120
1112 1113
1112 1115
1112 1121
1113 1116
1113 1122
1114 1115
1114 1123
1115 1116
1115 1124
1116 1125
1117 1118
1117 1120
1117 1126
1118 1119
1118 1121
1118 1127
1119 1122
1119 1128
1120 1121
1120 1123
1120 1129
1121 1122
1121 1124
1121 1130
1122 1125
1122 1131
1123 1124
1123 1132
1124 1125
1124 1133
1125 1134
1126 1127
1126 1129
1126 1135
1127 1128
1127 1130
1127 1136
1128 1131
1128 1137
1129 1130
1129 1132
1129 1138
1130 1131
1130 1133
1130 1139
1131 1134
1131 1140
1132 1133
1132 1141
1133 1134
1133 1142
1134 1143
1135 1136
1135 1138
1135 1144
1136 1137
1136 1139
1136 1145
1137 1140
1137 1146
1138 1139
1138 1141
1138 1147
1139 1140
1139 1142
1139 1148
1140 1143
1140 1149
1141 1142
1141 1150
1142 1143
1142 1151
1143 1152
1144 1145
1144 1147
1144 1153
1145 1146
1145 1148
1145 1154
1146 1149
1146 1155
1147 1148
1147 1150
1147 1156
1148 1149
1148 1151
1148 1157
1149 1152
1149 1158
1150 1151
1150 1159
1151 1152
1151 1160
1152 1161
1153 1154
1153 1156
1153 1162
1154 1155
1154 1157
1154 1163
1155 1158
1155 1164
1156 1157
1156 1159
1156 1165
1157 1158
1157 1160
1157 1166
1158 1161
1158 1167
1159 1160
1159 1168
1160 1161
1160 1169
1161 1170
1162 1163
1162 1165
1162 1171
1163 1164
1163 1166
1163 1172
1164 1167
1164 1173
1165 1166
1165 1168
1165 1174
1166 1167
1166 1169
1166 1175
1167 1170
1167 1176
1168 1169
1168 1177
1169 1170
1169 1178
1170 1179
1171 1172
1171 1174
1171 1180
1172 1173
1172 1175
1172 1181
1173 1176
1173 1182
1174 1175
1174 1177
1174 1183
1175 1176
1175 1178
1175 1184
1176 1179
1176 1185
1177 1178
1177 1186
1178 1179
1178 1187
1179 1188
1180 1181
1180 1183
1180 1189
1181 1182
1181 1184
1181 1190
1182 1185
1182 1191
1183 1184
1183 1186
1183 1192
1184 1185
1184 1187
1184 1193
1185 1188
1185 1194
1186 1187
1186 1195
1187 1188
1187 1196
1188 1197
1189 1190
1189 1192
1189 1198
1190 1191
1190 1193
1190 1199
1191 1194
1191 1200
1192 1193
1192 1195
1192 1201
1193 1194
1193 1196
1193 1202
1194 1197
1194 1203
1195 1196
1195 1204
1196 1197
1196 1205
1197 1206
1198 1199
1198 1201
1198 1207
1199 1200
1199 1202
1199 1208
1200 1203
1200 1209
1201 1202
1201 1204
1201 1210
1202 1203
1202 1205
1202 1211
1203 1206
1203 1212
1204 1205
1204 1213
1205 1206
1205 1214
1206 1215
1207 1208
1207 1210
1207 1216
1208 1209
1208 1211
1208 1217
1209 1212
1209 1218
1210 1211
1210 1213
1210 1219
1211 1212
1211 1214
1211 1220
1212 1215
1212 1221
1213 1214
1213 1222
1214 1215
1214 1223
1215 1224
1216 1217
1216 1219
1216 1225
1217 1218
1217 1220
1217 1226
1218 1221
1218 1227
1219 1220
1219 1222
1219 1228
1220 1221
1220 1223
1220 1229
1221 1224
1221 1230
1222 1223
1222 1231
1223 1224
1223 1232
1224 1233
1225 1226
1225 1228
1225 1234
1226 1227
1226 1229
1226 1235
1227 1230
1227 1236
1228 1229
1228 1231
1228 1237
1229 1230
1229 1232
1229 1238
1230 1233
1230 1239
1231 1232
1231 1240
1232 1233
1232 1241
1233 1242
1234 1235
1234 1237
1234 1243
1235 1236
1235 1238
1235 1244
1236 1239
1236 1245
1237 1238
1237 1240
1237 1246
1238 1239
1238 1241
1238 1247
1239 1242
1239 1248
1240 1241
1240 1249
1241 1242
1241 1250
1242 1251
1243 1244
1243 1246
1243 1252
1244 1245
1244 1247
1244 1253
1245 1248
1245 1254
1246 1247
1246 1249
1246 1255
1247 1248
1247 1250
1247 1256
1248 1251
1248 1257
1249 1250
1249 1258
1250 1251
1250 1259
1251 1260
1252 1253
1252 1255
1252 1261
1253 1254
1253 1256
1253 1262
1254 1257
1254 1263
1255 1256
1255 1258
1255 1264
1256 1257
1256 1259
1256 1265
1257 1260
1257 1266
1258 1259
1258 1267
1259 1260
1259 1268
1260 1269
1261 1262
1261 1264
1261 1270
1262 1263
1262 1265
1262 1271
1263 1266
1263 1272
1264 1265
1264 1267
1264 1273
1265 1266
1265 1268
1265 1274
1266 1269
1266 1275
1267 1268
1267 1276
1268 1269
1268 1277
1269 1278
1270 1271
1270 1273
1270 1279
1271 1272
1271 1274
1271 1280
1272 1275
1272 1281
1273 1274
1273 1276
1273 1282
1274 1275
1274 1277
1274 1283
1275 1278
1275 1284
1276 1277
1276 1285
1277 1278
1277 1286
1278 1287
1279 1280
1279 1282
1279 1288
1280 1281
1280 1283
1280 1289
1281 1284
1281 1290
1282 1283
1282 1285
1282 1291
1283 1284
1283 1286
1283 1292
1284 1287
1284 1293
1285 1286
1285 1294
1286 1287
1286 1295
1287 1296
1288 1289
1288 1291
1288 1297
1289 1290
1289 1292
1289 1298
1290 1293
1290 1299
1291 1292
1291 1294
1291 1300
1292 1293
1292 1295
1292 1301
1293 1296
1293 1302
1294 1295
1294 1303
1295 1296
1295 1304
1296 1305
1297 1298
1297 1300
1297 1306
1298 1299
1298 1301
1298 1307
1299 1302
1299 1308
1300 1301
1300 1303
1300 1309
1301 1302
1301 1304
1301 1310
1302 1305
1302 1311
1303 1304
1303 1312
1304 1305
1304 1313
1305 1314
1306 1307
1306 1309
1306 1315
1307 1308
1307 1310
1307 1316
1308 1311
1308 1317
1309 1310
1309 1312
1309 1318
1310 1311
1310 1313
1310 1319
1311 1314
1311 1320
1312 1313
1312 1321
1313 1314
1313 1322
1314 1323
1315 1316
1315 1318
1315 1324
1316 1317
1316 1319
1316 1325
1317 1320
1317 1326
1318 1319
1318 1321
1318 1327
1319 1320
1319 1322
1319 1328
1320 1323
1320 1329
1321 1322
1321 1330
1322 1323
1322 1331
1323 1332
1324 1325
1324 1327
1324 1333
1325 1326
1325 1328
1325 1334
1326 1329
1326 1335
1327 1328
1327 1330
1327 1336
1328 1329
1328 1331
1328 1337
1329 1332
1329 1338
1330 1331
1330 1339
1331 1332
1331 1340
1332 1341
1333 1334
1333 1336
1333 1342
1334 1335
1334 1337
1334 1343
1335 1338
1335 1344
1336 1337
1336 1339
1336 1345
1337 1338
1337 1340
1337 1346
1338 1341
1338 1347
1339 1340
1339 1348
1340 1341
1340 1349
1341 1350
1342 1343
1342 1345
1342 1351
1343 1344
1343 1346
1343 1352
1344 1347
1344 1353
1345 1346
1345 1348
1345 1354
1346 1347
1346 1349
1346 1355
1347 1350
1347 1356
1348 1349
1348 1357
1349 1350
1349 1358
1350 1359
1351 1352
1351 1354
1351 1360
1352 1353
1352 1355
1352 1361
1353 1356
1353 1362
1354 1355
1354 1357
1354 1363
1355 1356
1355 1358
1355 1364
1356 1359
1356 1365
1357 1358
1357 1366
1358 1359
1358 1367
1359 1368
1360 1361
1360 1363
1360 1369
1361 1362
1361 1364
1361 1370
1362 1365
1362 1371
1363 1364
1363 1366
1363 1372
1364 1365
1364 1367
1364 1373
1365 1368
1365 1374
1366 1367
1366 1375
1367 1368
1367 1376
1368 1377
1369 1370
1369 1372
1369 1378
1370 1371
1370 1373
1370 1379
1371 1374
1371 1380
1372 1373
1372 1375
1372 1381
1373 1374
1373 1376
1373 1382
1374 1377
1374 1383
1375 1376
1375 1384
1376 1377
1376 1385
1377 1386
1378 1379
1378 1381
1378 1387
1379 1380
1379 1382
1379 1388
1380 1383
1380 1389
1381 1382
1381 1384
1381 1390
1382 1383
1382 1385
1382 1391
1383 1386
1383 1392
1384 1385
1384 1393
1385 1386
1385 1394
1386 1395
1387 1388
1387 1390
1387 1396
1388 1389
1388 1391
1388 1397
1389 1392
1389 1398
1390 1391
1390 1393
1390 1399
1391 1392
1391 1394
1391 1400
1392 1395
1392 1401
1393 1394
1393 1402
1394 1395
1394 1403
1395 1404
1396 1397
1396 1399
1396 1405
1397 1398
1397 1400
1397 1406
1398 1401
1398 1407
1399 1400
1399 1402
1399 1408
1400 1401
1400 1403
1400 1409
1401 1404
1401 1410
1402 1403
1402 1411
1403 1404
1403 1412
1404 1413
1405 1406
1405 1408
1405 1414
1406 1407
1406 1409
1406 1415
1407 1410
1407 1416
1408 1409
1408 1411
1408 1417
1409 1410
1409 1412
1409 1418
1410 1413
1410 1419
1411 1412
1411 1420
1412 1413
1412 1421
1413 1422
1414 1415
1414 1417
1414 1423
1415 1416
1415 1418
1415 1424
1416 1419
1416 1425
1417 1418
1417 1420
1417 1426
1418 1419
1418 1421
1418 1427
1419 1422
1419 1428
1420 1421
1420 1429
1421 1422
1421 1430
1422 1431
1423 1424
1423 1426
1423 1432
1424 1425
1424 1427
1424 1433
1425 1428
1425 1434
1426 1427
1426 1429
1426 1435
1427 1428
1427 1430
1427 1436
1428 1431
1428 1437
1429 1430
1429 1438
1430 1431
1430 1439
1431 1440
1432 1433
1432 1435
1432 1441
1433 1434
1433 1436
1433 1442
1434 1437
1434 1443
1435 1436
1435 1438
1435 1444
1436 1437
1436 1439
1436 1445
1437 1440
1437 1446
1438 1439
1438 1447
1439 1440
1439 1448
1440 1449
1441 1442
1441 1444
1441 1450
1442 1443
1442 1445
1442 1451
1443 1446
1443 1452
1444 1445
1444 1447
1444 1453
1445 1446
1445 1448
1445 1454
1446 1449
1446 1455
1447 1448
1447 1456
1448 1449
1448 1457
1449 1458
1450 1451
1450 1453
1450 1459
1451 1452
1451 1454
1451 1460
1452 1455
1452 1461
1453 1454
1453 1456
1453 1462
1454 1455
1454 1457
1454 1463
1455 1458
1455 1464
1456 1457
1456 1465
1457 1458
1457 1466
1458 1467
1459 1460
1459 1462
1459 1468
1460 1461
1460 1463
1460 1469
1461 1464
1461 1470
1462 1463
1462 1465
1462 1471
1463 1464
1463 1466
1463 1472
1464 1467
1464 1473
1465 1466
1465 1474
1466 1467
1466 1475
1467 1476
1468 1469
1468 1471
1468 1477
1469 1470
1469 1472
1469 1478
1470 1473
1470 1479
1471 1472
1471 1474
1471 1480
1472 1473
1472 1475
1472 1481
1473 1476
1473 1482
1474 1475
1474 1483
1475 1476
1475 1484
1476 1485
1477 1478
1477 1480
1477 1486
1478 1479
1478 1481
1478 1487
1479 1482
1479 1488
1480 1481
1480 1483
1480 1489
1481 1482
1481 1484
1481 1490
1482 1485
1482 1491
1483 1484
1483 1492
1484 1485
1484 1493
1485 1494
1486 1487
1486 1489
1486 1495
1487 1488
1487 1490
1487 1496
1488 1491
1488 1497
1489 1490
1489 1492
1489 1498
1490 1491
1490 1493
1490 1499
1491 1494
1491 1500
1492 1493
1492 1501
1493 1494
1493 1502
1494 1503
1495 1496
1495 1498
1495 1504
1496 1497
1496 1499
1496 1505
1497 1500
1497 1506
1498 1499
1498 1501
1498 1507
1499 1500
1499 1502
1499 1508
1500 1503
1500 1509
1501 1502
1501 1510
1502 1503
1502 1511
1503 1512
1504 1505
1504 1507
1504 1513
1505 1506
1505 1508
1505 1514
1506 1509
1506 1515
1507 1508
1507 1510
1507 1516
1508 1509
1508 1511
1508 1517
1509 1512
1509 1518
1510 1511
1510 1519
1511 1512
1511 1520
1512 1521
1513 1514
1513 1516
1513 1522
1514 1515
1514 1517
1514 1523
1515 1518
1515 1524
1516 1517
1516 1519
1516 1525
1517 1518
1517 1520
1517 1526
1518 1521
1518 1527
1519 1520
1519 1528
1520 1521
1520 1529
1521 1530
1522 1523
1522 1525
1522 1531
1523 1524
1523 1526
1523 1532
1524 1527
1524 1533
1525 1526
1525 1528
1525 1534
1526 1527
1526 1529
1526 1535
1527 1530
1527 1536
1528 1529
1528 1537
1529 1530
1529 1538
1530 1539
1531 1532
1531 1534
1531 1540
1532 1533
1532 1535
1532 1541
1533 1536
1533 1542
1534 1535
1534 1537
1534 1543
1535 1536
1535 1538
1535 1544
1536 1539
1536 1545
1537 1538
1537 1546
1538 1539
1538 1547
1539 1548
1540 1541
1540 1543
1540 1549
1541 1542
1541 1544
1541 1550
1542 1545
1542 1551
1543 1544
1543 1546
1543 1552
1544 1545
1544 1547
1544 1553
1545 1548
1545 1554
1546 1547
1546 1555
1547 1548
1547 1556
1548 1557
1549 1550
1549 1552
1549 1558
1550 1551
1550 1553
1550 1559
1551 1554
1551 1560
1552 1553
1552 1555
1552 1561
1553 1554
1553 1556
1553 1562
1554 1557
1554 1563
1555 1556
1555 1564
1556 1557
1556 1565
1557 1566
1558 1559
1558 1561
1558 1567
1559 1560
1559 1562
1559 1568
1560 1563
1560 1569
1561 1562
1561 1564
1561 1570
1562 1563
1562 1565
1562 1571
1563 1566
1563 1572
1564 1565
1564 1573
1565 1566
1565 1574
1566 1575
1567 1568
1567 1570
1567 1576
1568 1569
1568 1571
1568 1577
1569 1572
1569 1578
1570 1571
1570 1573
1570 1579
1571 1572
1571 1574
1571 1580
1572 1575
1572 1581
1573 1574
1573 1582
1574 1575
1574 1583
1575 1584
1576 1577
1576 1579
1576 1585
1577 1578
1577 1580
1577 1586
1578 1581
1578 1587
1579 1580
1579 1582
1579 1588
1580 1581
1580 1583
1580 1589
1581 1584
1581 1590
1582 1583
1582 1591
1583 1584
1583 1592
1584 1593
1585 1586
1585 1588
1585 1594
1586 1587
1586 1589
1586 1595
1587 1590
1587 1596
1588 1589
1588 1591
1588 1597
1589 1590
1589 1592
1589 1598
1590 1593
1590 1599
1591 1592
1591 1600
1592 1593
1592 1601
1593 1602
1594 1595
1594 1597
1594 1603
1595 1596
1595 1598
1595 1604
1596 1599
1596 1605
1597 1598
1597 1600
1597 1606
1598 1599
1598 1601
1598 1607
1599 1602
1599 1608
1600 1601
1600 1609
1601 1602
1601 1610
1602 1611
1603 1604
1603 1606
1603 1612
1604 1605
1604 1607
1604 1613
1605 1608
1605 1614
1606 1607
1606 1609
1606 1615
1607 1608
1607 1610
1607 1616
1608 1611
1608 1617
1609 1610
1609 1618
1610 1611
1610 1619
1611 1620
1612 1613
1612 1615
1612 1621
1613 1614
1613 1616
1613 1622
1614 1617
1614 1623
1615 1616
1615 1618
1615 1624
1616 1617
1616 1619
1616 1625
1617 1620
1617 1626
1618 1619
1618 1627
1619 1620
1619 1628
1620 1629
1621 1622
1621 1624
1621 1630
1622 1623
1622 1625
1622 1631
1623 1626
1623 1632
1624 1625
1624 1627
1624 1633
1625 1626
1625 1628
1625 1634
1626 1629
1626 1635
1627 1628
1627 1636
1628 1629
1628 1637
1629 1638
1630 1631
1630 1633
1630 1639
1631 1632
1631 1634
1631 1640
1632 1635
1632 1641
1633 1634
1633 1636
1633 1642
1634 1635
1634 1637
1634 1643
1635 1638
1635 1644
1636 1637
1636 1645
1637 1638
1637 1646
1638 1647
1639 1640
1639 1642
1639 1648
1640 1641
1640 1643
1640 1649
1641 1644
1641 1650
1642 1643
1642 1645
1642 1651
1643 1644
1643 1646
1643 1652
1644 1647
1644 1653
1645 1646
1645 1654
1646 1647
1646 1655
1647 1656
1648 1649
1648 1651
1648 1657
1649 1650
1649 1652
1649 1658
1650 1653
1650 1659
1651 1652
1651 1654
1651 1660
1652 1653
1652 1655
1652 1661
1653 1656
1653 1662
1654 1655
1654 1663
1655 1656
1655 1664
1656 1665
1657 1658
1657 1660
1657 1666
1658 1659
1658 1661
1658 1667
1659 1662
1659 1668
1660 1661
1660 1663
1660 1669
1661 1662
1661 1664
1661 1670
1662 1665
1662 1671
1663 1664
1663 1672
1664 1665
1664 1673
1665 1674
1666 1667
1666 1669
1666 1675
1667 1668
1667 1670
1667 1676
1668 1671
1668 1677
1669 1670
1669 1672
1669 1678
1670 1671
1670 1673
1670 1679
1671 1674
1671 1680
1672 1673
1672 1681
1673 1674
1673 1682
1674 1683
1675 1676
1675 1678
1675 1684
1676 1677
1676 1679
1676 1685
1677 1680
1677 1686
1678 1679
1678 1681
1678 1687
1679 1680
1679 1682
1679 1688
1680 1683
1680 1689
1681 1682
1681 1690
1682 1683
1682 1691
1683 1692
1684 1685
1684 1687
1684 1693
1685 1686
1685 1688
1685 1694
1686 1689
1686 1695
1687 1688
1687 1690
1687 1696
1688 1689
1688 1691
1688 1697
1689 1692
1689 1698
1690 1691
1690 1699
1691 1692
1691 1700
1692 1701
1693 1694
1693 1696
1693 1702
1694 1695
1694 1697
1694 1703
1695 1698
1695 1704
1696 1697
1696 1699
1696 1705
1697 1698
1697 1700
1697 1706
1698 1701
1698 1707
1699 1700
1699 1708
1700 1701
1700 1709
1701 1710
1702 1703
1702 1705
1702 1711
1703 1704
1703 1706
1703 1712
1704 1707
1704 1713
1705 1706
1705 1708
1705 1714
1706 1707
1706 1709
1706 1715
1707 1710
1707 1716
1708 1709
1708 1717
1709 1710
1709 1718
1710 1719
1711 1712
1711 1714
1711 1720
1712 1713
1712 1715
1712 1721
1713 1716
1713 1722
1714 1715
1714 1717
1714 1723
1715 1716
1715 1718
1715 1724
1716 1719
1716 1725
1717 1718
1717 1726
1718 1719
1718 1727
1719 1728
1720 1721
1720 1723
1720 1729
1721 1722
1721 1724
1721 1730
1722 1725
1722 1731
1723 1724
1723 1726
1723 1732
1724 1725
1724 1727
1724 1733
1725 1728
1725 1734
1726 1727
1726 1735
1727 1728
1727 1736
1728 1737
1729 1730
1729 1732
1729 1738
1730 1731
1730 1733
1730 1739
1731 1734
1731 1740
1732 1733
1732 1735
1732 1741
1733 1734
1733 1736
1733 1742
1734 1737
1734 1743
1735 1736
1735 1744
1736 1737
1736 1745
1737 1746
1738 1739
1738 1741
1738 1747
1739 1740
1739 1742
1739 1748
1740 1743
1740 1749
1741 1742
1741 1744
1741 1750
1742 1743
1742 1745
1742 1751
1743 1746
1743 1752
1744 1745
1744 1753
1745 1746
1745 1754
1746 1755
1747 1748
1747 1750
1747 1756
1748 1749
1748 1751
1748 1757
1749 1752
1749 1758
1750 1751
1750 1753
1750 1759
1751 1752
1751 1754
1751 1760
1752 1755
1752 1761
1753 1754
1753 1762
1754 1755
1754 1763
1755 1764
1756 1757
1756 1759
1756 1765
1757 1758
1757 1760
1757 1766
1758 1761
1758 1767
1759 1760
1759 1762
1759 1768
1760 1761
1760 1763
1760 1769
1761 1764
1761 1770
1762 1763
1762 1771
1763 1764
1763 1772
1764 1773
1765 1766
1765 1768
1765 1774
1766 1767
1766 1769
1766 1775
1767 1770
1767 1776
1768 1769
1768 1771
1768 1777
1769 1770
1769 1772
1769 1778
1770 1773
1770 1779
1771 1772
1771 1780
1772 1773
1772 1781
1773 1782
1774 1775
1774 1777
1774 1783
1775 1776
1775 1778
1775 1784
1776 1779
1776 1785
1777 1778
1777 1780
1777 1786
1778 1779
1778 1781
1778 1787
1779 1782
1779 1788
1780 1781
1780 1789
1781 1782
1781 1790
1782 1791
1783 1784
1783 1786
1783 1792
1784 1785
1784 1787
1784 1793
1785 1788
1785 1794
1786 1787
1786 1789
1786 1795
1787 1788
1787 1790
1787 1796
1788 1791
1788 1797
1789 1790
1789 1798
1790 1791
1790 1799
1791 1800
1792 1793
1792 1795
1792 1801
1793 1794
1793 1796
1793 1802
1794 1797
1794 1803
1795 1796
1795 1798
1795 1804
1796 1797
1796 1799
1796 1805
1797 1800
1797 1806
1798 1799
1798 1807
1799 1800
1799 1808
1800 1809
1801 1802
1801 1804
1801 1810
1802 1803
1802 1805
1802 1811
1803 1806
1803 1812
1804 1805
1804 1807
1804 1813
1805 1806
1805 1808
1805 1814
1806 1809
1806 1815
1807 1808
1807 1816
1808 1809
1808 1817
1809 1818
1810 1811
1810 1813
1810 1819
1811 1812
1811 1814
1811 1820
1812 1815
1812 1821
1813 1814
1813 1816
1813 1822
1814 1815
1814 1817
1814 1823
1815 1818
1815 1824
1816 1817
1816 1825
1817 1818
1817 1826
1818 1827
1819 1820
1819 1822
1819 1828
1820 1821
1820 1823
1820 1829
1821 1824
1821 1830
1822 1823
1822 1825
1822 1831
1823 1824
1823 1826
1823 1832
1824 1827
1824 1833
1825 1826
1825 1834
1826 1827
1826 1835
1827 1836
1828 1829
1828 1831
1828 1837
1829 1830
1829 1832
1829 1838
1830 1833
1830 1839
1831 1832
1831 1834
1831 1840
1832 1833
1832 1835
1832 1841
1833 1836
1833 1842
1834 1835
1834 1843
1835 1836
1835 1844
1836 1845
1837 1838
1837 1840
1837 1846
1838 1839
1838 1841
1838 1847
1839 1842
1839 1848
1840 1841
1840 1843
1840 1849
1841 1842
1841 1844
1841 1850
1842 1845
1842 1851
1843 1844
1843 1852
1844 1845
1844 1853
1845 1854
1846 1847
1846 1849
1846 1855
1847 1848
1847 1850
1847 1856
1848 1851
1848 1857
1849 1850
1849 1852
1849 1858
1850 1851
1850 1853
1850 1859
1851 1854
1851 1860
1852 1853
1852 1861
1853 1854
1853 1862
1854 1863
1855 1856
1855 1858
1855 1864
1856 1857
1856 1859
1856 1865
1857 1860
1857 1866
1858 1859
1858 1861
1858 1867
1859 1860
1859 1862
1859 1868
1860 1863
1860 1869
1861 1862
1861 1870
1862 1863
1862 1871
1863 1872
1864 1865
1864 1867
1864 1873
1865 1866
1865 1868
1865 1874
1866 1869
1866 1875
1867 1868
1867 1870
1867 1876
1868 1869
1868 1871
1868 1877
1869 1872
1869 1878
1870 1871
1870 1879
1871 1872
1871 1880
1872 1881
1873 1874
1873 1876
1873 1882
1874 1875
1874 1877
1874 1883
1875 1878
1875 1884
1876 1877
1876 1879
1876 1885
1877 1878
1877 1880
1877 1886
1878 1881
1878 1887
1879 1880
1879 1888
1880 1881
1880 1889
1881 1890
1882 1883
1882 1885
1882 1891
1883 1884
1883 1886
1883 1892
1884 1887
1884 1893
1885 1886
1885 1888
1885 1894
1886 1887
1886 1889
1886 1895
1887 1890
1887 1896
1888 1889
1888 1897
1889 1890
1889 1898
1890 1899
1891 1892
1891 1894
1891 1900
1892 1893
1892 1895
1892 1901
1893 1896
1893 1902
1894 1895
1894 1897
1894 1903
1895 1896
1895 1898
1895 1904
1896 1899
1896 1905
1897 1898
1897 1906
1898 1899
1898 1907
1899 1908
1900 1901
1900 1903
1900 1909
1901 1902
1901 1904
1901 1910
1902 1905
1902 1911
1903 1904
1903 1906
1903 1912
1904 1905
1904 1907
1904 1913
1905 1908
1905 1914
1906 1907
1906 1915
1907 1908
1907 1916
1908 1917
1909 1910
1909 1912
1909 1918
1910 1911
1910 1913
1910 1919
1911 1914
1911 1920
1912 1913
1912 1915
1912 1921
1913 1914
1913 1916
1913 1922
1914 1917
1914 1923
1915 1916
1915 1924
1916 1917
1916 1925
1917 1926
1918 1919
1918 1921
1918 1927
1919 1920
1919 1922
1919 1928
1920 1923
1920 1929
1921 1922
1921 1924
1921 1930
1922 1923
1922 1925
1922 1931
1923 1926
1923 1932
1924 1925
1924 1933
1925 1926
1925 1934
1926 1935
1927 1928
1927 1930
1927 1936
1928 1929
1928 1931
1928 1937
1929 1932
1929 1938
1930 1931
1930 1933
1930 1939
1931 1932
1931 1934
1931 1940
1932 1935
1932 1941
1933 1934
1933 1942
1934 1935
1934 1943
1935 1944
1936 1937
1936 1939
1936 1945
1937 1938
1937 1940
1937 1946
1938 1941
1938 1947
1939 1940
1939 1942
1939 1948
1940 1941
1940 1943
1940 1949
1941 1944
1941 1950
1942 1943
1942 1951
1943 1944
1943 1952
1944 1953
1945 1946
1945 1948
1945 1954
1946 1947
1946 1949
1946 1955
1947 1950
1947 1956
1948 1949
1948 1951
1948 1957
1949 1950
1949 1952
1949 1958
1950 1953
1950 1959
1951 1952
1951 1960
1952 1953
1952 1961
1953 1962
1954 1955
1954 1957
1954 1963
1955 1956
1955 1958
1955 1964
1956 1959
1956 1965
1957 1958
1957 1960
1957 1966
1958 1959
1958 1961
1958 1967
1959 1962
1959 1968
1960 1961
1960 1969
1961 1962
1961 1970
1962 1971
1963 1964
1963 1966
1963 1972
1964 1965
1964 1967
1964 1973
1965 1968
1965 1974
1966 1967
1966 1969
1966 1975
1967 1968
1967 1970
1967 1976
1968 1971
1968 1977
1969 1970
1969 1978
1970 1971
1970 1979
1971 1980
1972 1973
1972 1975
1972 1981
1973 1974
1973 1976
1973 1982
1974 1977
1974 1983
1975 1976
1975 1978
1975 1984
1976 1977
1976 1979
1976 1985
1977 1980
1977 1986
1978 1979
1978 1987
1979 1980
1979 1988
1980 1989
1981 1982
1981 1984
1981 1990
1982 1983
1982 1985
1982 1991
1983 1986
1983 1992
1984 1985
1984 1987
1984 1993
1985 1986
1985 1988
1985 1994
1986 1989
1986 1995
1987 1988
1987 1996
1988 1989
1988 1997
1989 1998
1990 1991
1990 1993
1990 1999
1991 1992
1991 1994
1991 2000
1992 1995
1992 2001
1993 1994
1993 1996
1993 2002
1994 1995
1994 1997
1994 2003
1995 1998
1995 2004
1996 1997
1996 2005
1997 1998
1997 2006
1998 2007
1999 2000
1999 2002
1999 2008
2000 2001
2000 2003
2000 2009
2001 2004
2001 2010
2002 2003
2002 2005
2002 2011
2003 2004
2003 2006
2003 2012
2004 2007
2004 2013
2005 2006
2005 2014
2006 2007
2006 2015
2007 2016
2008 2009
2008 2011
2008 2017
2009 2010
2009 2012
2009 2018
2010 2013
2010 2019
2011 2012
2011 2014
2011 2020
2012 2013
2012 2015
2012 2021
2013 2016
2013 2022
2014 2015
2014 2023
2015 2016
2015 2024
2016 2025
2017 2018
2017 2020
2017 2026
2018 2019
2018 2021
2018 2027
2019 2022
2019 2028
2020 2021
2020 2023
2020 2029
2021 2022
2021 2024
2021 2030
2022 2025
2022 2031
2023 2024
2023 2032
2024 2025
2024 2033
2025 2034
2026 2027
2026 2029
2026 2035
2027 2028
2027 2030
2027 2036
2028 2031
2028 2037
2029 2030
2029 2032
2029 2038
2030 2031
2030 2033
2030 2039
2031 2034
2031 2040
2032 2033
2032 2041
2033 2034
2033 2042
2034 2043
2035 2036
2035 2038
2035 2044
2036 2037
2036 2039
2036 2045
2037 2040
2037 2046
2038 2039
2038 2041
2038 2047
2039 2040
2039 2042
2039 2048
2040 2043
2040 2049
2041 2042
2041 2050
2042 2043
2042 2051
2043 2052
2044 2045
2044 2047
2044 2053
2045 2046
2045 2048
2045 2054
2046 2049
2046 2055
2047 2048
2047 2050
2047 2056
2048 2049
2048 2051
2048 2057
2049 2052
2049 2058
2050 2051
2050 2059
2051 2052
2051 2060
2052 2061
2053 2054
2053 2056
2053 2062
2054 2055
2054 2057
2054 2063
2055 2058
2055 2064
2056 2057
2056 2059
2056 2065
2057 2058
2057 2060
2057 2066
2058 2061
2058 2067
2059 2060
2059 2068
2060 2061
2060 2069
2061 2070
2062 2063
2062 2065
2062 2071
2063 2064
2063 2066
2063 2072
2064 2067
2064 2073
2065 2066
2065 2068
2065 2074
2066 2067
2066 2069
2066 2075
2067 2070
2067 2076
2068 2069
2068 2077
2069 2070
2069 2078
2070 2079
2071 2072
2071 2074
2071 2080
2072 2073
2072 2075
2072 2081
2073 2076
2073 2082
2074 2075
2074 2077
2074 2083
2075 2076
2075 2078
2075 2084
2076 2079
2076 2085
2077 2078
2077 2086
2078 2079
2078 2087
2079 2088
2080 2081
2080 2083
2080 2089
2081 2082
2081 2084
2081 2090
2082 2085
2082 2091
2083 2084
2083 2086
2083 2092
2084 2085
2084 2087
2084 2093
2085 2088
2085 2094
2086 2087
2086 2095
2087 2088
2087 2096
2088 2097
2089 2090
2089 2092
2089 2098
2090 2091
2090 2093
2090 2099
2091 2094
2091 2100
2092 2093
2092 2095
2092 2101
2093 2094
2093 2096
2093 2102
2094 2097
2094 2103
2095 2096
2095 2104
2096 2097
2096 2105
2097 2106
2098 2099
2098 2101
2098 2107
2099 2100
2099 2102
2099 2108
2100 2103
2100 2109
2101 2102
2101 2104
2101 2110
2102 2103
2102 2105
2102 2111
2103 2106
2103 2112
2104 2105
2104 2113
2105 2106
2105 2114
2106 2115
2107 2108
2107 2110
2107 2116
2108 2109
2108 2111
2108 2117
2109 2112
2109 2118
2110 2111
2110 2113
2110 2119
2111 2112
2111 2114
2111 2120
2112 2115
2112 2121
2113 2114
2113 2122
2114 2115
2114 2123
2115 2124
2116 2117
2116 2119
2116 2125
2117 2118
2117 2120
2117 2126
2118 2121
2118 2127
2119 2120
2119 2122
2119 2128
2120 2121
2120 2123
2120 2129
2121 2124
2121 2130
2122 2123
2122 2131
2123 2124
2123 2132
2124 2133
2125 2126
2125 2128
2125 2134
2126 2127
2126 2129
2126 2135
2127 2130
2127 2136
2128 2129
2128 2131
2128 2137
2129 2130
2129 2132
2129 2138
2130 2133
2130 2139
2131 2132
2131 2140
2132 2133
2132 2141
2133 2142
2134 2135
2134 2137
2134 2143
2135 2136
2135 2138
2135 2144
2136 2139
2136 2145
2137 2138
2137 2140
2137 2146
2138 2139
2138 2141
2138 2147
2139 2142
2139 2148
2140 2141
2140 2149
2141 2142
2141 2150
2142 2151
2143 2144
2143 2146
2143 2152
2144 2145
2144 2147
2144 2153
2145 2148
2145 2154
2146 2147
2146 2149
2146 2155
2147 2148
2147 2150
2147 2156
2148 2151
2148 2157
2149 2150
2149 2158
2150 2151
2150 2159
2151 2160
2152 2153
2152 2155
2152 2161
2153 2154
2153 2156
2153 2162
2154 2157
2154 2163
2155 2156
2155 2158
2155 2164
2156 2157
2156 2159
2156 2165
2157 2160
2157 2166
2158 2159
2158 2167
2159 2160
2159 2168
2160 2169
2161 2162
2161 2164
2161 2170
2162 2163
2162 2165
2162 2171
2163 2166
2163 2172
2164 2165
2164 2167
2164 2173
2165 2166
2165 2168
2165 2174
2166 2169
2166 2175
2167 2168
2167 2176
2168 2169
2168 2177
2169 2178
2170 2171
2170 2173
2170 2179
2171 2172
2171 2174
2171 2180
2172 2175
2172 2181
2173 2174
2173 2176
2173 2182
2174 2175
2174 2177
2174 2183
2175 2178
2175 2184
2176 2177
2176 2185
2177 2178
2177 2186
2178 2187
2179 2180
2179 2182
2179 2188
2180 2181
2180 2183
2180 2189
2181 2184
2181 2190
2182 2183
2182 2185
2182 2191
2183 2184
2183 2186
2183 2192
2184 2187
2184 2193
2185 2186
2185 2194
2186 2187
2186 2195
2187 2196
2188 2189
2188 2191
2188 2197
2189 2190
2189 2192
2189 2198
2190 2193
2190 2199
2191 2192
2191 2194
2191 2200
2192 2193
2192 2195
2192 2201
2193 2196
2193 2202
2194 2195
2194 2203
2195 2196
2195 2204
2196 2205
2197 2198
2197 2200
2197 2206
2198 2199
2198 2201
2198 2207
2199 2202
2199 2208
2200 2201
2200 2203
2200 2209
2201 2202
2201 2204
2201 2210
2202 2205
2202 2211
2203 2204
2203 2212
2204 2205
2204 2213
2205 2214
2206 2207
2206 2209
2206 2215
2207 2208
2207 2210
2207 2216
2208 2211
2208 2217
2209 2210
2209 2212
2209 2218
2210 2211
2210 2213
2210 2219
2211 2214
2211 2220
2212 2213
2212 2221
2213 2214
2213 2222
2214 2223
2215 2216
2215 2218
2215 2224
2216 2217
2216 2219
2216 2225
2217 2220
2217 2226
2218 2219
2218 2221
2218 2227
2219 2220
2219 2222
2219 2228
2220 2223
2220 2229
2221 2222
2221 2230
2222 2223
2222 2231
2223 2232
2224 2225
2224 2227
2224 2233
2225 2226
2225 2228
2225 2234
2226 2229
2226 2235
2227 2228
2227 2230
2227 2236
2228 2229
2228 2231
2228 2237
2229 2232
2229 2238
2230 2231
2230 2239
2231 2232
2231 2240
2232 2241
2233 2234
2233 2236
2233 2242
2234 2235
2234 2237
2234 2243
2235 2238
2235 2244
2236 2237
2236 2239
2236 2245
2237 2238
2237 2240
2237 2246
2238 2241
2238 2247
2239 2240
2239 2248
2240 2241
2240 2249
2241 2250
2242 2243
2242 2245
2242 2251
2243 2244
2243 2246
2243 2252
2244 2247
2244 2253
2245 2246
2245 2248
2245 2254
2246 2247
2246 2249
2246 2255
2247 2250
2247 2256
2248 2249
2248 2257
2249 2250
2249 2258
2250 2259
2251 2252
2251 2254
2251 2260
2252 2253
2252 2255
2252 2261
2253 2256
2253 2262
2254 2255
2254 2257
2254 2263
2255 2256
2255 2258
2255 2264
2256 2259
2256 2265
2257 2258
2257 2266
2258 2259
2258 2267
2259 2268
2260 2261
2260 2263
2260 2269
2261 2262
2261 2264
2261 2270
2262 2265
2262 2271
2263 2264
2263 2266
2263 2272
2264 2265
2264 2267
2264 2273
2265 2268
2265 2274
2266 2267
2266 2275
2267 2268
2267 2276
2268 2277
2269 2270
2269 2272
2269 2278
2270 2271
2270 2273
2270 2279
2271 2274
2271 2280
2272 2273
2272 2275
2272 2281
2273 2274
2273 2276
2273 2282
2274 2277
2274 2283
2275 2276
2275 2284
2276 2277
2276 2285
2277 2286
2278 2279
2278 2281
2278 2287
2279 2280
2279 2282
2279 2288
2280 2283
2280 2289
2281 2282
2281 2284
2281 2290
2282 2283
2282 2285
2282 2291
2283 2286
2283 2292
2284 2285
2284 2293
2285 2286
2285 2294
2286 2295
2287 2288
2287 2290
2287 2296
2288 2289
2288 2291
2288 2297
2289 2292
2289 2298
2290 2291
2290 2293
2290 2299
2291 2292
2291 2294
2291 2300
2292 2295
2292 2301
2293 2294
2293 2302
2294 2295
2294 2303
2295 2304
2296 2297
2296 2299
2296 2305
2297 2298
2297 2300
2297 2306
2298 2301
2298 2307
2299 2300
2299 2302
2299 2308
2300 2301
2300 2303
2300 2309
2301 2304
2301 2310
2302 2303
2302 2311
2303 2304
2303 2312
2304 2313
2305 2306
2305 2308
2305 2314
2306 2307
2306 2309
2306 2315
2307 2310
2307 2316
2308 2309
2308 2311
2308 2317
2309 2310
2309 2312
2309 2318
2310 2313
2310 2319
2311 2312
2311 2320
2312 2313
2312 2321
2313 2322
2314 2315
2314 2317
2314 2323
2315 2316
2315 2318
2315 2324
2316 2319
2316 2325
2317 2318
2317 2320
2317 2326
2318 2319
2318 2321
2318 2327
2319 2322
2319 2328
2320 2321
2320 2329
2321 2322
2321 2330
2322 2331
2323 2324
2323 2326
2323 2332
2324 2325
2324 2327
2324 2333
2325 2328
2325 2334
2326 2327
2326 2329
2326 2335
2327 2328
2327 2330
2327 2336
2328 2331
2328 2337
2329 2330
2329 2338
2330 2331
2330 2339
2331 2340
2332 2333
2332 2335
2332 2341
2333 2334
2333 2336
2333 2342
2334 2337
2334 2343
2335 2336
2335 2338
2335 2344
2336 2337
2336 2339
2336 2345
2337 2340
2337 2346
2338 2339
2338 2347
2339 2340
2339 2348
2340 2349
2341 2342
2341 2344
2341 2350
2342 2343
2342 2345
2342 2351
2343 2346
2343 2352
2344 2345
2344 2347
2344 2353
2345 2346
2345 2348
2345 2354
2346 2349
2346 2355
2347 2348
2347 2356
2348 2349
2348 2357
2349 2358
2350 2351
2350 2353
2350 2359
2351 2352
2351 2354
2351 2360
2352 2355
2352 2361
2353 2354
2353 2356
2353 2362
2354 2355
2354 2357
2354 2363
2355 2358
2355 2364
2356 2357
2356 2365
2357 2358
2357 2366
2358 2367
2359 2360
2359 2362
2359 2368
2360 2361
2360 2363
2360 2369
2361 2364
2361 2370
2362 2363
2362 2365
2362 2371
2363 2364
2363 2366
2363 2372
2364 2367
2364 2373
2365 2366
2365 2374
2366 2367
2366 2375
2367 2376
2368 2369
2368 2371
2368 2377
2369 2370
2369 2372
2369 2378
2370 2373
2370 2379
2371 2372
2371 2374
2371 2380
2372 2373
2372 2375
2372 2381
2373 2376
2373 2382
2374 2375
2374 2383
2375 2376
2375 2384
2376 2385
2377 2378
2377 2380
2377 2386
2378 2379
2378 2381
2378 2387
2379 2382
2379 2388
2380 2381
2380 2383
2380 2389
2381 2382
2381 2384
2381 2390
2382 2385
2382 2391
2383 2384
2383 2392
2384 2385
2384 2393
2385 2394
2386 2387
2386 2389
2386 2395
2387 2388
2387 2390
2387 2396
2388 2391
2388 2397
2389 2390
2389 2392
2389 2398
2390 2391
2390 2393
2390 2399
2391 2394
2391 2400
2392 2393
2392 2401
2393 2394
2393 2402
2394 2403
2395 2396
2395 2398
2395 2404
2396 2397
2396 2399
2396 2405
2397 2400
2397 2406
2398 2399
2398 2401
2398 2407
2399 2400
2399 2402
2399 2408
2400 2403
2400 2409
2401 2402
2401 2410
2402 2403
2402 2411
2403 2412
2404 2405
2404 2407
2404 2413
2405 2406
2405 2408
2405 2414
2406 2409
2406 2415
2407 2408
2407 2410
2407 2416
2408 2409
2408 2411
2408 2417
2409 2412
2409 2418
2410 2411
2410 2419
2411 2412
2411 2420
2412 2421
2413 2414
2413 2416
2413 2422
2414 2415
2414 2417
2414 2423
2415 2418
2415 2424
2416 2417
2416 2419
2416 2425
2417 2418
2417 2420
2417 2426
2418 2421
2418 2427
2419 2420
2419 2428
2420 2421
2420 2429
2421 2430
2422 2423
2422 2425
2422 2431
2423 2424
2423 2426
2423 2432
2424 2427
2424 2433
2425 2426
2425 2428
2425 2434
2426 2427
2426 2429
2426 2435
2427 2430
2427 2436
2428 2429
2428 2437
2429 2430
2429 2438
2430 2439
2431 2432
2431 2434
2431 2440
2432 2433
2432 2435
2432 2441
2433 2436
2433 2442
2434 2435
2434 2437
2434 2443
2435 2436
2435 2438
2435 2444
2436 2439
2436 2445
2437 2438
2437 2446
2438 2439
2438 2447
2439 2448
2440 2441
2440 2443
2440 2449
2441 2442
2441 2444
2441 2450
2442 2445
2442 2451
2443 2444
2443 2446
2443 2452
2444 2445
2444 2447
2444 2453
2445 2448
2445 2454
2446 2447
2446 2455
2447 2448
2447 2456
2448 2457
2449 2450
2449 2452
2449 2458
2450 2451
2450 2453
2450 2459
2451 2454
2451 2460
2452 2453
2452 2455
2452 2461
2453 2454
2453 2456
2453 2462
2454 2457
2454 2463
2455 2456
2455 2464
2456 2457
2456 2465
2457 2466
2458 2459
2458 2461
2458 2467
2459 2460
2459 2462
2459 2468
2460 2463
2460 2469
2461 2462
2461 2464
2461 2470
2462 2463
2462 2465
2462 2471
2463 2466
2463 2472
2464 2465
2464 2473
2465 2466
2465 2474
2466 2475
2467 2468
2467 2470
2467 2476
2468 2469
2468 2471
2468 2477
2469 2472
2469 2478
2470 2471
2470 2473
2470 2479
2471 2472
2471 2474
2471 2480
2472 2475
2472 2481
2473 2474
2473 2482
2474 2475
2474 2483
2475 2484
2476 2477
2476 2479
2476 2485
2477 2478
2477 2480
2477 2486
2478 2481
2478 2487
2479 2480
2479 2482
2479 2488
2480 2481
2480 2483
2480 2489
2481 2484
2481 2490
2482 2483
2482 2491
2483 2484
2483 2492
2484 2493
2485 2486
2485 2488
2485 2494
2486 2487
2486 2489
2486 2495
2487 2490
2487 2496
2488 2489
2488 2491
2488 2497
2489 2490
2489 2492
2489 2498
2490 2493
2490 2499
2491 2492
2491 2500
2492 2493
2492 2501
2493 2502
2494 2495
2494 2497
2494 2503
2495 2496
2495 2498
2495 2504
2496 2499
2496 2505
2497 2498
2497 2500
2497 2506
2498 2499
2498 2501
2498 2507
2499 2502
2499 2508
2500 2501
2500 2509
2501 2502
2501 2510
2502 2511
2503 2504
2503 2506
2503 2512
2504 2505
2504 2507
2504 2513
2505 2508
2505 2514
2506 2507
2506 2509
2506 2515
2507 2508
2507 2510
2507 2516
2508 2511
2508 2517
2509 2510
2509 2518
2510 2511
2510 2519
2511 2520
2512 2513
2512 2515
2512 2521
2513 2514
2513 2516
2513 2522
2514 2517
2514 2523
2515 2516
2515 2518
2515 2524
2516 2517
2516 2519
2516 2525
2517 2520
2517 2526
2518 2519
2518 2527
2519 2520
2519 2528
2520 2529
2521 2522
2521 2524
2521 2530
2522 2523
2522 2525
2522 2531
2523 2526
2523 2532
2524 2525
2524 2527
2524 2533
2525 2526
2525 2528
2525 2534
2526 2529
2526 2535
2527 2528
2527 2536
2528 2529
2528 2537
2529 2538
2530 2531
2530 2533
2530 2539
2531 2532
2531 2534
2531 2540
2532 2535
2532 2541
2533 2534
2533 2536
2533 2542
2534 2535
2534 2537
2534 2543
2535 2538
2535 2544
2536 2537
2536 2545
2537 2538
2537 2546
2538 2547
2539 2540
2539 2542
2539 2548
2540 2541
2540 2543
2540 2549
2541 2544
2541 2550
2542 2543
2542 2545
2542 2551
2543 2544
2543 2546
2543 2552
2544 2547
2544 2553
2545 2546
2545 2554
2546 2547
2546 2555
2547 2556
2548 2549
2548 2551
2548 2557
2549 2550
2549 2552
2549 2558
2550 2553
2550 2559
2551 2552
2551 2554
2551 2560
2552 2553
2552 2555
2552 2561
2553 2556
2553 2562
2554 2555
2554 2563
2555 2556
2555 2564
2556 2565
2557 2558
2557 2560
2557 2566
2558 2559
2558 2561
2558 2567
2559 2562
2559 2568
2560 2561
2560 2563
2560 2569
2561 2562
2561 2564
2561 2570
2562 2565
2562 2571
2563 2564
2563 2572
2564 2565
2564 2573
2565 2574
2566 2567
2566 2569
2566 2575
2567 2568
2567 2570
2567 2576
2568 2571
2568 2577
2569 2570
2569 2572
2569 2578
2570 2571
2570 2573
2570 2579
2571 2574
2571 2580
2572 2573
2572 2581
2573 2574
2573 2582
2574 2583
2575 2576
2575 2578
2575 2584
2576 2577
2576 2579
2576 2585
2577 2580
2577 2586
2578 2579
2578 2581
2578 2587
2579 2580
2579 2582
2579 2588
2580 2583
2580 2589
2581 2582
2581 2590
2582 2583
2582 2591
2583 2592
2584 2585
2584 2587
2584 2593
2585 2586
2585 2588
2585 2594
2586 2589
2586 2595
2587 2588
2587 2590
2587 2596
2588 2589
2588 2591
2588 2597
2589 2592
2589 2598
2590 2591
2590 2599
2591 2592
2591 2600
2592 2601
2593 2594
2593 2596
2593 2602
2594 2595
2594 2597
2594 2603
2595 2598
2595 2604
2596 2597
2596 2599
2596 2605
2597 2598
2597 2600
2597 2606
2598 2601
2598 2607
2599 2600
2599 2608
2600 2601
2600 2609
2601 2610
2602 2603
2602 2605
2602 2611
2603 2604
2603 2606
2603 2612
2604 2607
2604 2613
2605 2606
2605 2608
2605 2614
2606 2607
2606 2609
2606 2615
2607 2610
2607 2616
2608 2609
2608 2617
2609 2610
2609 2618
2610 2619
2611 2612
2611 2614
2611 2620
2612 2613
2612 2615
2612 2621
2613 2616
2613 2622
2614 2615
2614 2617
2614 2623
2615 2616
2615 2618
2615 2624
2616 2619
2616 2625
2617 2618
2617 2626
2618 2619
2618 2627
2619 2628
2620 2621
2620 2623
2620 2629
2621 2622
2621 2624
2621 2630
2622 2625
2622 2631
2623 2624
2623 2626
2623 2632
2624 2625
2624 2627
2624 2633
2625 2628
2625 2634
2626 2627
2626 2635
2627 2628
2627 2636
2628 2637
2629 2630
2629 2632
2629 2638
2630 2631
2630 2633
2630 2639
2631 2634
2631 2640
2632 2633
2632 2635
2632 2641
2633 2634
2633 2636
2633 2642
2634 2637
2634 2643
2635 2636
2635 2644
2636 2637
2636 2645
2637 2646
2638 2639
2638 2641
2638 2647
2639 2640
2639 2642
2639 2648
2640 2643
2640 2649
2641 2642
2641 2644
2641 2650
2642 2643
2642 2645
2642 2651
2643 2646
2643 2652
2644 2645
2644 2653
2645 2646
2645 2654
2646 2655
2647 2648
2647 2650
2647 2656
2648 2649
2648 2651
2648 2657
2649 2652
2649 2658
2650 2651
2650 2653
2650 2659
2651 2652
2651 2654
2651 2660
2652 2655
2652 2661
2653 2654
2653 2662
2654 2655
2654 2663
2655 2664
2656 2657
2656 2659
2656 2665
2657 2658
2657 2660
2657 2666
2658 2661
2658 2667
2659 2660
2659 2662
2659 2668
2660 2661
2660 2663
2660 2669
2661 2664
2661 2670
2662 2663
2662 2671
2663 2664
2663 2672
2664 2673
2665 2666
2665 2668
2665 2674
2666 2667
2666 2669
2666 2675
2667 2670
2667 2676
2668 2669
2668 2671
2668 2677
2669 2670
2669 2672
2669 2678
2670 2673
2670 2679
2671 2672
2671 2680
2672 2673
2672 2681
2673 2682
2674 2675
2674 2677
2674 2683
2675 2676
2675 2678
2675 2684
2676 2679
2676 2685
2677 2678
2677 2680
2677 2686
2678 2679
2678 2681
2678 2687
2679 2682
2679 2688
2680 2681
2680 2689
2681 2682
2681 2690
2682 2691
2683 2684
2683 2686
2683 2692
2684 2685
2684 2687
2684 2693
2685 2688
2685 2694
2686 2687
2686 2689
2686 2695
2687 2688
2687 2690
2687 2696
2688 2691
2688 2697
2689 2690
2689 2698
2690 2691
2690 2699
2691 2700
2692 2693
2692 2695
2692 2701
2693 2694
2693 2696
2693 2702
2694 2697
2694 2703
2695 2696
2695 2698
2695 2704
2696 2697
2696 2699
2696 2705
2697 2700
2697 2706
2698 2699
2698 2707
2699 2700
2699 2708
2700 2709
2701 2702
2701 2704
2701 2710
2702 2703
2702 2705
2702 2711
2703 2706
2703 2712
2704 2705
2704 2707
2704 2713
2705 2706
2705 2708
2705 2714
2706 2709
2706 2715
2707 2708
2707 2716
2708 2709
2708 2717
2709 2718
2710 2711
2710 2713
2710 2719
2711 2712
2711 2714
2711 2720
2712 2715
2712 2721
2713 2714
2713 2716
2713 2722
2714 2715
2714 2717
2714 2723
2715 2718
2715 2724
2716 2717
2716 2725
2717 2718
2717 2726
2718 2727
2719 2720
2719 2722
2719 2728
2720 2721
2720 2723
2720 2729
2721 2724
2721 2730
2722 2723
2722 2725
2722 2731
2723 2724
2723 2726
2723 2732
2724 2727
2724 2733
2725 2726
2725 2734
2726 2727
2726 2735
2727 2736
2728 2729
2728 2731
2728 2737
2729 2730
2729 2732
2729 2738
2730 2733
2730 2739
2731 2732
2731 2734
2731 2740
2732 2733
2732 2735
2732 2741
2733 2736
2733 2742
2734 2735
2734 2743
2735 2736
2735 2744
2736 2745
2737 2738
2737 2740
2737 2746
2738 2739
2738 2741
2738 2747
2739 2742
2739 2748
2740 2741
2740 2743
2740 2749
2741 2742
2741 2744
2741 2750
2742 2745
2742 2751
2743 2744
2743 2752
2744 2745
2744 2753
2745 2754
2746 2747
2746 2749
2746 2755
2747 2748
2747 2750
2747 2756
2748 2751
2748 2757
2749 2750
2749 2752
2749 2758
2750 2751
2750 2753
2750 2759
2751 2754
2751 2760
2752 2753
2752 2761
2753 2754
2753 2762
2754 2763
2755 2756
2755 2758
2755 2764
2756 2757
2756 2759
2756 2765
2757 2760
2757 2766
2758 2759
2758 2761
2758 2767
2759 2760
2759 2762
2759 2768
2760 2763
2760 2769
2761 2762
2761 2770
2762 2763
2762 2771
2763 2772
2764 2765
2764 2767
2764 2773
2765 2766
2765 2768
2765 2774
2766 2769
2766 2775
2767 2768
2767 2770
2767 2776
2768 2769
2768 2771
2768 2777
2769 2772
2769 2778
2770 2771
2770 2779
2771 2772
2771 2780
2772 2781
2773 2774
2773 2776
2773 2782
2774 2775
2774 2777
2774 2783
2775 2778
2775 2784
2776 2777
2776 2779
2776 2785
2777 2778
2777 2780
2777 2786
2778 2781
2778 2787
2779 2780
2779 2788
2780 2781
2780 2789
2781 2790
2782 2783
2782 2785
2782 2791
2783 2784
2783 2786
2783 2792
2784 2787
2784 2793
2785 2786
2785 2788
2785 2794
2786 2787
2786 2789
2786 2795
2787 2790
2787 2796
2788 2789
2788 2797
2789 2790
2789 2798
2790 2799
2791 2792
2791 2794
2791 2800
2792 2793
2792 2795
2792 2801
2793 2796
2793 2802
2794 2795
2794 2797
2794 2803
2795 2796
2795 2798
2795 2804
2796 2799
2796 2805
2797 2798
2797 2806
2798 2799
2798 2807
2799 2808
2800 2801
2800 2803
2800 2809
2801 2802
2801 2804
2801 2810
2802 2805
2802 2811
2803 2804
2803 2806
2803 2812
2804 2805
2804 2807
2804 2813
2805 2808
2805 2814
2806 2807
2806 2815
2807 2808
2807 2816
2808 2817
2809 2810
2809 2812
2809 2818
2810 2811
2810 2813
2810 2819
2811 2814
2811 2820
2812 2813
2812 2815
2812 2821
2813 2814
2813 2816
2813 2822
2814 2817
2814 2823
2815 2816
2815 2824
2816 2817
2816 2825
2817 2826
2818 2819
2818 2821
2818 2827
2819 2820
2819 2822
2819 2828
2820 2823
2820 2829
2821 2822
2821 2824
2821 2830
2822 2823
2822 2825
2822 2831
2823 2826
2823 2832
2824 2825
2824 2833
2825 2826
2825 2834
2826 2835
2827 2828
2827 2830
2827 2836
2828 2829
2828 2831
2828 2837
2829 2832
2829 2838
2830 2831
2830 2833
2830 2839
2831 2832
2831 2834
2831 2840
2832 2835
2832 2841
2833 2834
2833 2842
2834 2835
2834 2843
2835 2844
2836 2837
2836 2839
2836 2845
2837 2838
2837 2840
2837 2846
2838 2841
2838 2847
2839 2840
2839 2842
2839 2848
2840 2841
2840 2843
2840 2849
2841 2844
2841 2850
2842 2843
2842 2851
2843 2844
2843 2852
2844 2853
2845 2846
2845 2848
2845 2854
2846 2847
2846 2849
2846 2855
2847 2850
2847 2856
2848 2849
2848 2851
2848 2857
2849 2850
2849 2852
2849 2858
2850 2853
2850 2859
2851 2852
2851 2860
2852 2853
2852 2861
2853 2862
2854 2855
2854 2857
2854 2863
2855 2856
2855 2858
2855 2864
2856 2859
2856 2865
2857 2858
2857 2860
2857 2866
2858 2859
2858 2861
2858 2867
2859 2862
2859 2868
2860 2861
2860 2869
2861 2862
2861 2870
2862 2871
2863 2864
2863 2866
2863 2872
2864 2865
2864 2867
2864 2873
2865 2868
2865 2874
2866 2867
2866 2869
2866 2875
2867 2868
2867 2870
2867 2876
2868 2871
2868 2877
2869 2870
2869 2878
2870 2871
2870 2879
2871 2880
2872 2873
2872 2875
2872 2881
2873 2874
2873 2876
2873 2882
2874 2877
2874 2883
2875 2876
2875 2878
2875 2884
2876 2877
2876 2879
2876 2885
2877 2880
2877 2886
2878 2879
2878 2887
2879 2880
2879 2888
2880 2889
2881 2882
2881 2884
2881 2890
2882 2883
2882 2885
2882 2891
2883 2886
2883 2892
2884 2885
2884 2887
2884 2893
2885 2886
2885 2888
2885 2894
2886 2889
2886 2895
2887 2888
2887 2896
2888 2889
2888 2897
2889 2898
2890 2891
2890 2893
2890 2899
2891 2892
2891 2894
2891 2900
2892 2895
2892 2901
2893 2894
2893 2896
2893 2902
2894 2895
2894 2897
2894 2903
2895 2898
2895 2904
2896 2897
2896 2905
2897 2898
2897 2906
2898 2907
2899 2900
2899 2902
2899 2908
2900 2901
2900 2903
2900 2909
2901 2904
2901 2910
2902 2903
2902 2905
2902 2911
2903 2904
2903 2906
2903 2912
2904 2907
2904 2913
2905 2906
2905 2914
2906 2907
2906 2915
2907 2916
2908 2909
2908 2911
2908 2917
2909 2910
2909 2912
2909 2918
2910 2913
2910 2919
2911 2912
2911 2914
2911 2920
2912 2913
2912 2915
2912 2921
2913 2916
2913 2922
2914 2915
2914 2923
2915 2916
2915 2924
2916 2925
2917 2918
2917 2920
2917 2926
2918 2919
2918 2921
2918 2927
2919 2922
2919 2928
2920 2921
2920 2923
2920 2929
2921 2922
2921 2924
2921 2930
2922 2925
2922 2931
2923 2924
2923 2932
2924 2925
2924 2933
2925 2934
2926 2927
2926 2929
2926 2935
2927 2928
2927 2930
2927 2936
2928 2931
2928 2937
2929 2930
2929 2932
2929 2938
2930 2931
2930 2933
2930 2939
2931 2934
2931 2940
2932 2933
2932 2941
2933 2934
2933 2942
2934 2943
2935 2936
2935 2938
2935 2944
2936 2937
2936 2939
2936 2945
2937 2940
2937 2946
2938 2939
2938 2941
2938 2947
2939 2940
2939 2942
2939 2948
2940 2943
2940 2949
2941 2942
2941 2950
2942 2943
2942 2951
2943 2952
2944 2945
2944 2947
2944 2953
2945 2946
2945 2948
2945 2954
2946 2949
2946 2955
2947 2948
2947 2950
2947 2956
2948 2949
2948 2951
2948 2957
2949 2952
2949 2958
2950 2951
2950 2959
2951 2952
2951 2960
2952 2961
2953 2954
2953 2956
2953 2962
2954 2955
2954 2957
2954 2963
2955 2958
2955 2964
2956 2957
2956 2959
2956 2965
2957 2958
2957 2960
2957 2966
2958 2961
2958 2967
2959 2960
2959 2968
2960 2961
2960 2969
2961 2970
2962 2963
2962 2965
2962 2971
2963 2964
2963 2966
2963 2972
2964 2967
2964 2973
2965 2966
2965 2968
2965 2974
2966 2967
2966 2969
2966 2975
2967 2970
2967 2976
2968 2969
2968 2977
2969 2970
2969 2978
2970 2979
2971 2972
2971 2974
2971 2980
2972 2973
2972 2975
2972 2981
2973 2976
2973 2982
2974 2975
2974 2977
2974 2983
2975 2976
2975 2978
2975 2984
2976 2979
2976 2985
2977 2978
2977 2986
2978 2979
2978 2987
2979 2988
2980 2981
2980 2983
2980 2989
2981 2982
2981 2984
2981 2990
2982 2985
2982 2991
2983 2984
2983 2986
2983 2992
2984 2985
2984 2987
2984 2993
2985 2988
2985 2994
2986 2987
2986 2995
2987 2988
2987 2996
2988 2997
2989 2990
2989 2992
2989 2998
2990 2991
2990 2993
2990 2999
2991 2994
2991 3000
2992 2993
2992 2995
2992 3001
2993 2994
2993 2996
2993 3002
2994 2997
2994 3003
2995 2996
2995 3004
2996 2997
2996 3005
2997 3006
2998 2999
2998 3001
2998 3007
2999 3000
2999 3002
2999 3008
3000 3003
3000 3009
3001 3002
3001 3004
3001 3010
3002 3003
3002 3005
3002 3011
3003 3006
3003 3012
3004 3005
3004 3013
3005 3006
3005 3014
3006 3015
3007 3008
3007 3010
3007 3016
3008 3009
3008 3011
3008 3017
3009 3012
3009 3018
3010 3011
3010 3013
3010 3019
3011 3012
3011 3014
3011 3020
3012 3015
3012 3021
3013 3014
3013 3022
3014 3015
3014 3023
3015 3024
3016 3017
3016 3019
3016 3025
3017 3018
3017 3020
3017 3026
3018 3021
3018 3027
3019 3020
3019 3022
3019 3028
3020 3021
3020 3023
3020 3029
3021 3024
3021 3030
3022 3023
3022 3031
3023 3024
3023 3032
3024 3033
3025 3026
3025 3028
3025 3034
3026 3027
3026 3029
3026 3035
3027 3030
3027 3036
3028 3029
3028 3031
3028 3037
3029 3030
3029 3032
3029 3038
3030 3033
3030 3039
3031 3032
3031 3040
3032 3033
3032 3041
3033 3042
3034 3035
3034 3037
3034 3043
3035 3036
3035 3038
3035 3044
3036 3039
3036 3045
3037 3038
3037 3040
3037 3046
3038 3039
3038 3041
3038 3047
3039 3042
3039 3048
3040 3041
3040 3049
3041 3042
3041 3050
3042 3051
3043 3044
3043 3046
3043 3052
3044 3045
3044 3047
3044 3053
3045 3048
3045 3054
3046 3047
3046 3049
3046 3055
3047 3048
3047 3050
3047 3056
3048 3051
3048 3057
3049 3050
3049 3058
3050 3051
3050 3059
3051 3060
3052 3053
3052 3055
3052 3061
3053 3054
3053 3056
3053 3062
3054 3057
3054 3063
3055 3056
3055 3058
3055 3064
3056 3057
3056 3059
3056 3065
3057 3060
3057 3066
3058 3059
3058 3067
3059 3060
3059 3068
3060 3069
3061 3062
3061 3064
3061 3070
3062 3063
3062 3065
3062 3071
3063 3066
3063 3072
3064 3065
3064 3067
3064 3073
3065 3066
3065 3068
3065 3074
3066 3069
3066 3075
3067 3068
3067 3076
3068 3069
3068 3077
3069 3078
3070 3071
3070 3073
3070 3079
3071 3072
3071 3074
3071 3080
3072 3075
3072 3081
3073 3074
3073 3076
3073 3082
3074 3075
3074 3077
3074 3083
3075 3078
3075 3084
3076 3077
3076 3085
3077 3078
3077 3086
3078 3087
3079 3080
3079 3082
3079 3088
3080 3081
3080 3083
3080 3089
3081 3084
3081 3090
3082 3083
3082 3085
3082 3091
3083 3084
3083 3086
3083 3092
3084 3087
3084 3093
3085 3086
3085 3094
3086 3087
3086 3095
3087 3096
3088 3089
3088 3091
3088 3097
3089 3090
3089 3092
3089 3098
3090 3093
3090 3099
3091 3092
3091 3094
3091 3100
3092 3093
3092 3095
3092 3101
3093 3096
3093 3102
3094 3095
3094 3103
3095 3096
3095 3104
3096 3105
3097 3098
3097 3100
3097 3106
3098 3099
3098 3101
3098 3107
3099 3102
3099 3108
3100 3101
3100 3103
3100 3109
3101 3102
3101 3104
3101 3110
3102 3105
3102 3111
3103 3104
3103 3112
3104 3105
3104 3113
3105 3114
3106 3107
3106 3109
3106 3115
3107 3108
3107 3110
3107 3116
3108 3111
3108 3117
3109 3110
3109 3112
3109 3118
3110 3111
3110 3113
3110 3119
3111 3114
3111 3120
3112 3113
3112 3121
3113 3114
3113 3122
3114 3123
3115 3116
3115 3118
3115 3124
3116 3117
3116 3119
3116 3125
3117 3120
3117 3126
3118 3119
3118 3121
3118 3127
3119 3120
3119 3122
3119 3128
3120 3123
3120 3129
3121 3122
3121 3130
3122 3123
3122 3131
3123 3132
3124 3125
3124 3127
3124 3133
3125 3126
3125 3128
3125 3134
3126 3129
3126 3135
3127 3128
3127 3130
3127 3136
3128 3129
3128 3131
3128 3137
3129 3132
3129 3138
3130 3131
3130 3139
3131 3132
3131 3140
3132 3141
3133 3134
3133 3136
3133 3142
3134 3135
3134 3137
3134 3143
3135 3138
3135 3144
3136 3137
3136 3139
3136 3145
3137 3138
3137 3140
3137 3146
3138 3141
3138 3147
3139 3140
3139 3148
3140 3141
3140 3149
3141 3150
3142 3143
3142 3145
3142 3151
3143 3144
3143 3146
3143 3152
3144 3147
3144 3153
3145 3146
3145 3148
3145 3154
3146 3147
3146 3149
3146 3155
3147 3150
3147 3156
3148 3149
3148 3157
3149 3150
3149 3158
3150 3159
3151 3152
3151 3154
3151 3160
3152 3153
3152 3155
3152 3161
3153 3156
3153 3162
3154 3155
3154 3157
3154 3163
3155 3156
3155 3158
3155 3164
3156 3159
3156 3165
3157 3158
3157 3166
3158 3159
3158 3167
3159 3168
3160 3161
3160 3163
3160 3169
3161 3162
3161 3164
3161 3170
3162 3165
3162 3171
3163 3164
3163 3166
3163 3172
3164 3165
3164 3167
3164 3173
3165 3168
3165 3174
3166 3167
3166 3175
3167 3168
3167 3176
3168 3177
3169 3170
3169 3172
3169 3178
3170 3171
3170 3173
3170 3179
3171 3174
3171 3180
3172 3173
3172 3175
3172 3181
3173 3174
3173 3176
3173 3182
3174 3177
3174 3183
3175 3176
3175 3184
3176 3177
3176 3185
3177 3186
3178 3179
3178 3181
3178 3187
3179 3180
3179 3182
3179 3188
3180 3183
3180 3189
3181 3182
3181 3184
3181 3190
3182 3183
3182 3185
3182 3191
3183 3186
3183 3192
3184 3185
3184 3193
3185 3186
3185 3194
3186 3195
3187 3188
3187 3190
3187 3196
3188 3189
3188 3191
3188 3197
3189 3192
3189 3198
3190 3191
3190 3193
3190 3199
3191 3192
3191 3194
3191 3200
3192 3195
3192 3201
3193 3194
3193 3202
3194 3195
3194 3203
3195 3204
3196 3197
3196 3199
3196 3205
3197 3198
3197 3200
3197 3206
3198 3201
3198 3207
3199 3200
3199 3202
3199 3208
3200 3201
3200 3203
3200 3209
3201 3204
3201 3210
3202 3203
3202 3211
3203 3204
3203 3212
3204 3213
3205 3206
3205 3208
3205 3214
3206 3207
3206 3209
3206 3215
3207 3210
3207 3216
3208 3209
3208 3211
3208 3217
3209 3210
3209 3212
3209 3218
3210 3213
3210 3219
3211 3212
3211 3220
3212 3213
3212 3221
3213 3222
3214 3215
3214 3217
3214 3223
3215 3216
3215 3218
3215 3224
3216 3219
3216 3225
3217 3218
3217 3220
3217 3226
3218 3219
3218 3221
3218 3227
3219 3222
3219 3228
3220 3221
3220 3229
3221 3222
3221 3230
3222 3231
3223 3224
3223 3226
3223 3232
3224 3225
3224 3227
3224 3233
3225 3228
3225 3234
3226 3227
3226 3229
3226 3235
3227 3228
3227 3230
3227 3236
3228 3231
3228 3237
3229 3230
3229 3238
3230 3231
3230 3239
3231 3240
3232 3233
3232 3235
3232 3241
3233 3234
3233 3236
3233 3242
3234 3237
3234 3243
3235 3236
3235 3238
3235 3244
3236 3237
3236 3239
3236 3245
3237 3240
3237 3246
3238 3239
3238 3247
3239 3240
3239 3248
3240 3249
3241 3242
3241 3244
3241 3250
3242 3243
3242 3245
3242 3251
3243 3246
3243 3252
3244 3245
3244 3247
3244 3253
3245 3246
3245 3248
3245 3254
3246 3249
3246 3255
3247 3248
3247 3256
3248 3249
3248 3257
3249 3258
3250 3251
3250 3253
3250 3259
3251 3252
3251 3254
3251 3260
3252 3255
3252 3261
3253 3254
3253 3256
3253 3262
3254 3255
3254 3257
3254 3263
3255 3258
3255 3264
3256 3257
3256 3265
3257 3258
3257 3266
3258 3267
3259 3260
3259 3262
3259 3268
3260 3261
3260 3263
3260 3269
3261 3264
3261 3270
3262 3263
3262 3265
3262 3271
3263 3264
3263 3266
3263 3272
3264 3267
3264 3273
3265 3266
3265 3274
3266 3267
3266 3275
3267 3276
3268 3269
3268 3271
3268 3277
3269 3270
3269 3272
3269 3278
3270 3273
3270 3279
3271 3272
3271 3274
3271 3280
3272 3273
3272 3275
3272 3281
3273 3276
3273 3282
3274 3275
3274 3283
3275 3276
3275 3284
3276 3285
3277 3278
3277 3280
3277 3286
3278 3279
3278 3281
3278 3287
3279 3282
3279 3288
3280 3281
3280 3283
3280 3289
3281 3282
3281 3284
3281 3290
3282 3285
3282 3291
3283 3284
3283 3292
3284 3285
3284 3293
3285 3294
3286 3287
3286 3289
3286 3295
3287 3288
3287 3290
3287 3296
3288 3291
3288 3297
3289 3290
3289 3292
3289 3298
3290 3291
3290 3293
3290 3299
3291 3294
3291 3300
3292 3293
3292 3301
3293 3294
3293 3302
3294 3303
3295 3296
3295 3298
3295 3304
3296 3297
3296 3299
3296 3305
3297 3300
3297 3306
3298 3299
3298 3301
3298 3307
3299 3300
3299 3302
3299 3308
3300 3303
3300 3309
3301 3302
3301 3310
3302 3303
3302 3311
3303 3312
3304 3305
3304 3307
3304 3313
3305 3306
3305 3308
3305 3314
3306 3309
3306 3315
3307 3308
3307 3310
3307 3316
3308 3309
3308 3311
3308 3317
3309 3312
3309 3318
3310 3311
3310 3319
3311 3312
3311 3320
3312 3321
3313 3314
3313 3316
3313 3322
3314 3315
3314 3317
3314 3323
3315 3318
3315 3324
3316 3317
3316 3319
3316 3325
3317 3318
3317 3320
3317 3326
3318 3321
3318 3327
3319 3320
3319 3328
3320 3321
3320 3329
3321 3330
3322 3323
3322 3325
3322 3331
3323 3324
3323 3326
3323 3332
3324 3327
3324 3333
3325 3326
3325 3328
3325 3334
3326 3327
3326 3329
3326 3335
3327 3330
3327 3336
3328 3329
3328 3337
3329 3330
3329 3338
3330 3339
3331 3332
3331 3334
3331 3340
3332 3333
3332 3335
3332 3341
3333 3336
3333 3342
3334 3335
3334 3337
3334 3343
3335 3336
3335 3338
3335 3344
3336 3339
3336 3345
3337 3338
3337 3346
3338 3339
3338 3347
3339 3348
3340 3341
3340 3343
3340 3349
3341 3342
3341 3344
3341 3350
3342 3345
3342 3351
3343 3344
3343 3346
3343 3352
3344 3345
3344 3347
3344 3353
3345 3348
3345 3354
3346 3347
3346 3355
3347 3348
3347 3356
3348 3357
3349 3350
3349 3352
3349 3358
3350 3351
3350 3353
3350 3359
3351 3354
3351 3360
3352 3353
3352 3355
3352 3361
3353 3354
3353 3356
3353 3362
3354 3357
3354 3363
3355 3356
3355 3364
3356 3357
3356 3365
3357 3366
3358 3359
3358 3361
3358 3367
3359 3360
3359 3362
3359 3368
3360 3363
3360 3369
3361 3362
3361 3364
3361 3370
3362 3363
3362 3365
3362 3371
3363 3366
3363 3372
3364 3365
3364 3373
3365 3366
3365 3374
3366 3375
3367 3368
3367 3370
3367 3376
3368 3369
3368 3371
3368 3377
3369 3372
3369 3378
3370 3371
3370 3373
3370 3379
3371 3372
3371 3374
3371 3380
3372 3375
3372 3381
3373 3374
3373 3382
3374 3375
3374 3383
3375 3384
3376 3377
3376 3379
3376 3385
3377 3378
3377 3380
3377 3386
3378 3381
3378 3387
3379 3380
3379 3382
3379 3388
3380 3381
3380 3383
3380 3389
3381 3384
3381 3390
3382 3383
3382 3391
3383 3384
3383 3392
3384 3393
3385 3386
3385 3388
3385 3394
3386 3387
3386 3389
3386 3395
3387 3390
3387 3396
3388 3389
3388 3391
3388 3397
3389 3390
3389 3392
3389 3398
3390 3393
3390 3399
3391 3392
3391 3400
3392 3393
3392 3401
3393 3402
3394 3395
3394 3397
3394 3403
3395 3396
3395 3398
3395 3404
3396 3399
3396 3405
3397 3398
3397 3400
3397 3406
3398 3399
3398 3401
3398 3407
3399 3402
3399 3408
3400 3401
3400 3409
3401 3402
3401 3410
3402 3411
3403 3404
3403 3406
3403 3412
3404 3405
3404 3407
3404 3413
3405 3408
3405 3414
3406 3407
3406 3409
3406 3415
3407 3408
3407 3410
3407 3416
3408 3411
3408 3417
3409 3410
3409 3418
3410 3411
3410 3419
3411 3420
3412 3413
3412 3415
3412 3421
3413 3414
3413 3416
3413 3422
3414 3417
3414 3423
3415 3416
3415 3418
3415 3424
3416 3417
3416 3419
3416 3425
3417 3420
3417 3426
3418 3419
3418 3427
3419 3420
3419 3428
3420 3429
3421 3422
3421 3424
3421 3430
3422 3423
3422 3425
3422 3431
3423 3426
3423 3432
3424 3425
3424 3427
3424 3433
3425 3426
3425 3428
3425 3434
3426 3429
3426 3435
3427 3428
3427 3436
3428 3429
3428 3437
3429 3438
3430 3431
3430 3433
3430 3439
3431 3432
3431 3434
3431 3440
3432 3435
3432 3441
3433 3434
3433 3436
3433 3442
3434 3435
3434 3437
3434 3443
3435 3438
3435 3444
3436 3437
3436 3445
3437 3438
3437 3446
3438 3447
3439 3440
3439 3442
3439 3448
3440 3441
3440 3443
3440 3449
3441 3444
3441 3450
3442 3443
3442 3445
3442 3451
3443 3444
3443 3446
3443 3452
3444 3447
3444 3453
3445 3446
3445 3454
3446 3447
3446 3455
3447 3456
3448 3449
3448 3451
3448 3457
3449 3450
3449 3452
3449 3458
3450 3453
3450 3459
3451 3452
3451 3454
3451 3460
3452 3453
3452 3455
3452 3461
3453 3456
3453 3462
3454 3455
3454 3463
3455 3456
3455 3464
3456 3465
3457 3458
3457 3460
3457 3466
3458 3459
3458 3461
3458 3467
3459 3462
3459 3468
3460 3461
3460 3463
3460 3469
3461 3462
3461 3464
3461 3470
3462 3465
3462 3471
3463 3464
3463 3472
3464 3465
3464 3473
3465 3474
3466 3467
3466 3469
3466 3475
3467 3468
3467 3470
3467 3476
3468 3471
3468 3477
3469 3470
3469 3472
3469 3478
3470 3471
3470 3473
3470 3479
3471 3474
3471 3480
3472 3473
3472 3481
3473 3474
3473 3482
3474 3483
3475 3476
3475 3478
3475 3484
3476 3477
3476 3479
3476 3485
3477 3480
3477 3486
3478 3479
3478 3481
3478 3487
3479 3480
3479 3482
3479 3488
3480 3483
3480 3489
3481 3482
3481 3490
3482 3483
3482 3491
3483 3492
3484 3485
3484 3487
3484 3493
3485 3486
3485 3488
3485 3494
3486 3489
3486 3495
3487 3488
3487 3490
3487 3496
3488 3489
3488 3491
3488 3497
3489 3492
3489 3498
3490 3491
3490 3499
3491 3492
3491 3500
3492 3501
3493 3494
3493 3496
3493 3502
3494 3495
3494 3497
3494 3503
3495 3498
3495 3504
3496 3497
3496 3499
3496 3505
3497 3498
3497 3500
3497 3506
3498 3501
3498 3507
3499 3500
3499 3508
3500 3501
3500 3509
3501 3510
3502 3503
3502 3505
3502 3511
3503 3504
3503 3506
3503 3512
3504 3507
3504 3513
3505 3506
3505 3508
3505 3514
3506 3507
3506 3509
3506 3515
3507 3510
3507 3516
3508 3509
3508 3517
3509 3510
3509 3518
3510 3519
3511 3512
3511 3514
3511 3520
3512 3513
3512 3515
3512 3521
3513 3516
3513 3522
3514 3515
3514 3517
3514 3523
3515 3516
3515 3518
3515 3524
3516 3519
3516 3525
3517 3518
3517 3526
3518 3519
3518 3527
3519 3528
3520 3521
3520 3523
3520 3529
3521 3522
3521 3524
3521 3530
3522 3525
3522 3531
3523 3524
3523 3526
3523 3532
3524 3525
3524 3527
3524 3533
3525 3528
3525 3534
3526 3527
3526 3535
3527 3528
3527 3536
3528 3537
3529 3530
3529 3532
3529 3538
3530 3531
3530 3533
3530 3539
3531 3534
3531 3540
3532 3533
3532 3535
3532 3541
3533 3534
3533 3536
3533 3542
3534 3537
3534 3543
3535 3536
3535 3544
3536 3537
3536 3545
3537 3546
3538 3539
3538 3541
3538 3547
3539 3540
3539 3542
3539 3548
3540 3543
3540 3549
3541 3542
3541 3544
3541 3550
3542 3543
3542 3545
3542 3551
3543 3546
3543 3552
3544 3545
3544 3553
3545 3546
3545 3554
3546 3555
3547 3548
3547 3550
3547 3556
3548 3549
3548 3551
3548 3557
3549 3552
3549 3558
3550 3551
3550 3553
3550 3559
3551 3552
3551 3554
3551 3560
3552 3555
3552 3561
3553 3554
3553 3562
3554 3555
3554 3563
3555 3564
3556 3557
3556 3559
3556 3565
3557 3558
3557 3560
3557 3566
3558 3561
3558 3567
3559 3560
3559 3562
3559 3568
3560 3561
3560 3563
3560 3569
3561 3564
3561 3570
3562 3563
3562 3571
3563 3564
3563 3572
3564 3573
3565 3566
3565 3568
3565 3574
3566 3567
3566 3569
3566 3575
3567 3570
3567 3576
3568 3569
3568 3571
3568 3577
3569 3570
3569 3572
3569 3578
3570 3573
3570 3579
3571 3572
3571 3580
3572 3573
3572 3581
3573 3582
3574 3575
3574 3577
3574 3583
3575 3576
3575 3578
3575 3584
3576 3579
3576 3585
3577 3578
3577 3580
3577 3586
3578 3579
3578 3581
3578 3587
3579 3582
3579 3588
3580 3581
3580 3589
3581 3582
3581 3590
3582 3591
3583 3584
3583 3586
3583 3592
3584 3585
3584 3587
3584 3593
3585 3588
3585 3594
3586 3587
3586 3589
3586 3595
3587 3588
3587 3590
3587 3596
3588 3591
3588 3597
3589 3590
3589 3598
3590 3591
3590 3599
3591 3600
3592 3593
3592 3595
3593 3594
3593 3596
3594 3597
3595 3596
3595 3598
3596 3597
3596 3599
3597 3600
3598 3599
3599 3600
