Nombre del problema: p11_100_600
100 100 600
77 100
97 51
33 89
63 2
85 99
7 50
93 16
8 42
98 42
92 94
96 34
65 19
22 44
32 60
27 70
48 63
79 52
31 7
47 13
41 56
72 55
80 67
34 65
78 98
81 90
6 34
39 20
71 3
70 51
51 21
49 73
99 32
5 89
42 68
45 30
54 3
28 61
94 30
15 88
82 70
16 99
84 10
75 34
40 16
46 96
64 45
24 13
69 79
21 45
12 49
14 76
59 91
90 66
26 16
69 14
38 32
13 96
23 24
56 52
95 92
76 31
10 73
9 6
4 7
100 19
52 8
53 45
74 61
29 74
83 81
44 32
17 69
86 13
55 19
11 22
20 47
67 10
25 50
1 67
36 31
88 99
37 93
58 34
50 3
61 1
66 50
62 54
35 79
57 85
60 24
2 14
68 20
95 75
89 91
87 80
91 39
43 50
73 7
18 94
18 93
14 8
90 47
13 33
10 5
65 47
96 86
5 2
93 78
69 65
93 92
10 53
47 21
71 81
81 84
59 2
57 64
41 38
14 46
72 47
36 5
93 75
12 96
77 69
28 51
59 26
70 52
77 46
34 3
98 88
64 11
88 45
62 92
31 39
63 34
6 28
21 91
28 87
17 56
66 69
93 39
11 29
29 89
95 17
48 78
69 55
72 93
74 72
13 39
39 26
15 78
79 40
43 30
96 6
99 54
88 70
83 23
17 30
23 98
65 95
94 63
27 66
45 94
90 32
81 45
29 3
93 98
55 79
31 82
32 42
21 94
63 40
79 74
81 73
79 87
49 80
68 1
74 20
34 88
66 13
26 50
81 22
62 58
66 12
44 8
59 57
19 25
24 28
23 22
98 81
45 8
17 28
85 10
64 29
72 7
6 87
91 90
61 35
40 12
28 55
79 68
6 2
44 77
83 13
79 92
24 75
15 83
85 77
87 44
99 13
7 74
94 15
67 32
35 52
5 83
51 7
79 43
66 30
46 33
12 90
1 20
4 81
85 80
74 43
94 50
78 82
34 9
61 55
37 96
71 38
89 37
10 37
91 70
26 55
33 66
90 42
57 30
30 20
18 12
61 12
45 90
19 13
29 25
9 14
30 39
52 54
56 79
67 25
51 39
17 96
22 18
95 30
31 58
21 6
96 61
89 36
57 90
14 36
76 38
12 46
19 81
49 86
11 74
99 92
84 15
79 42
33 9
100 32
91 22
70 65
44 12
25 61
8 7
24 88
12 76
72 61
19 17
99 11
10 2
34 35
54 57
98 14
66 99
19 36
23 28
40 23
90 34
50 47
66 44
39 71
57 74
37 49
94 48
10 92
87 97
98 28
89 93
73 34
96 50
79 46
72 85
58 68
79 17
52 47
89 38
20 52
25 75
30 73
98 17
33 49
83 4
99 94
24 1
33 75
7 17
83 55
91 41
68 31
88 47
23 60
76 72
73 24
92 74
55 49
7 56
76 98
62 18
78 55
73 72
73 8
72 1
59 36
12 72
72 68
77 24
64 66
32 14
41 13
23 9
32 94
26 2
98 73
36 42
49 18
54 44
93 21
14 52
8 53
97 22
27 50
57 87
68 39
30 19
64 22
47 46
74 33
83 8
32 87
21 18
2 61
65 56
33 17
29 42
34 47
82 46
55 24
59 49
53 77
6 5
32 5
23 14
54 69
54 83
66 75
12 92
76 37
4 14
65 27
100 84
4 35
96 9
86 27
54 81
59 94
74 10
19 12
29 68
6 7
81 100
76 66
90 7
94 80
58 12
62 71
99 8
81 14
71 7
100 5
20 61
98 34
61 42
30 61
3 74
80 62
43 83
75 47
8 5
27 24
1 93
3 83
89 14
76 3
42 35
86 26
56 42
74 73
79 81
39 67
37 97
1 82
25 73
3 85
1 40
11 9
37 45
16 82
96 65
11 76
30 58
98 95
74 83
97 64
82 67
42 94
14 91
24 79
9 58
54 10
2 52
96 33
29 39
6 98
84 47
64 96
20 53
40 56
13 35
50 16
21 17
91 100
77 35
60 81
40 78
30 69
17 81
82 91
37 59
57 69
71 45
49 48
41 73
37 75
81 30
74 50
90 18
68 8
45 19
66 83
94 24
41 65
49 98
48 32
26 35
6 43
9 49
46 7
64 47
80 44
57 82
9 70
89 87
73 79
83 48
9 67
28 49
83 35
67 43
10 61
89 75
7 70
55 89
98 7
85 63
36 37
73 23
57 44
19 78
21 15
51 66
61 7
24 39
70 24
93 14
65 32
43 68
66 42
74 2
17 72
59 63
20 15
57 19
70 64
52 7
75 18
76 40
39 32
10 99
66 88
45 24
39 64
36 43
64 31
29 10
52 4
89 45
74 63
6 30
65 48
9 68
22 66
92 96
97 5
49 82
86 82
46 44
95 88
7 48
47 4
84 20
31 28
18 50
32 62
25 22
21 27
91 20
26 19
73 14
49 69
56 21
47 92
33 5
37 14
45 3
78 7
37 53
99 36
57 7
34 8
78 21
73 33
49 87
98 96
75 97
87 12
46 66
7 94
33 16
2 55
34 15
98 77
63 37
34 54
90 70
62 79
44 61
24 58
28 48
5 35
14 57
2 50
76 61
66 71
87 90
13 72
27 47
75 10
8 26
51 93
29 35
65 31
6 37
3 1
97 30
47 99
99 34
63 41
48 56
65 98
64 100
37 4
7 40
