Nombre del problema: p12_100_600
100 100 600
80 48
61 46
47 15
76 74
97 51
59 94
64 94
33 80
13 24
72 48
41 77
49 79
54 84
63 52
23 24
29 23
46 32
24 19
60 31
58 77
19 32
52 84
48 74
36 83
18 13
65 39
16 97
4 50
14 72
2 32
90 55
55 53
8 54
81 94
6 53
89 80
25 77
84 64
96 97
99 48
92 23
86 48
66 26
88 93
93 24
44 53
9 13
91 63
1 46
51 8
95 96
32 84
74 62
73 17
100 41
5 24
43 42
31 64
79 41
69 93
42 39
28 42
40 18
68 5
75 30
77 34
78 71
20 87
35 14
45 92
98 46
12 37
30 43
82 99
71 32
7 23
39 9
77 48
26 94
53 98
57 56
37 47
83 8
10 63
27 97
62 68
22 94
21 48
70 25
65 37
11 96
17 26
50 20
67 98
56 52
87 80
85 12
34 38
89 3
37 16
10 67
11 76
16 49
22 30
57 94
78 96
65 33
53 42
82 77
71 97
6 52
28 5
16 23
66 74
63 62
28 24
4 82
69 58
11 24
10 7
78 40
11 92
94 41
14 93
38 14
25 64
8 24
8 47
37 63
87 52
48 24
28 61
56 77
28 1
9 83
98 50
8 59
9 95
29 12
44 40
58 100
90 24
21 25
59 58
27 14
88 85
39 50
54 65
61 72
81 77
99 8
78 79
27 96
19 56
75 63
95 64
85 86
90 86
39 24
57 51
98 3
85 21
22 12
12 10
29 87
57 22
7 90
69 98
17 4
46 89
84 29
55 96
57 49
96 64
2 56
19 70
8 88
39 72
15 40
72 15
29 19
31 68
23 46
48 27
8 75
37 4
11 3
41 76
100 36
88 12
22 14
88 11
31 62
85 82
43 57
97 48
77 36
24 80
76 80
26 34
57 40
20 47
82 100
64 100
91 36
91 41
10 49
1 83
100 32
8 96
66 37
44 92
81 45
99 24
98 55
100 7
100 61
91 93
60 43
97 45
76 66
83 38
93 44
95 4
66 56
79 84
68 49
97 31
88 92
43 34
33 58
92 22
71 45
97 63
4 66
91 33
24 67
52 30
1 71
52 91
13 2
72 18
47 56
56 34
39 75
32 78
92 38
22 45
72 100
14 75
65 89
4 93
18 44
94 3
29 50
51 74
23 80
35 100
73 35
46 91
96 98
72 81
16 72
72 8
20 94
64 42
60 80
62 55
76 95
85 40
71 65
21 91
81 35
76 28
46 52
49 91
92 27
18 28
34 76
11 4
80 57
93 61
21 57
52 48
94 86
52 18
21 84
47 21
99 34
42 16
18 16
54 40
63 38
52 44
52 24
95 15
9 6
48 58
73 79
90 68
95 83
72 85
52 12
41 23
79 97
4 43
60 32
42 88
52 60
57 76
90 51
56 60
61 58
24 96
54 57
2 78
79 87
97 65
55 1
84 89
18 67
79 50
18 61
55 80
15 53
26 64
96 62
82 88
14 9
79 46
76 100
52 40
53 16
63 35
92 17
94 23
48 81
36 89
30 55
94 50
86 52
35 91
95 68
46 33
14 44
42 90
71 90
38 54
94 58
96 40
77 96
100 2
41 67
20 27
90 30
9 100
13 53
65 57
72 65
17 57
96 76
86 97
97 91
54 48
70 13
4 22
8 21
87 12
63 15
42 8
66 75
45 29
83 57
82 12
76 9
12 46
22 16
12 91
2 40
78 24
86 59
5 45
94 24
77 13
67 99
13 68
99 64
60 90
10 66
58 38
13 39
11 45
45 28
96 68
11 95
93 19
68 63
63 99
52 22
96 26
37 57
41 24
71 50
95 74
60 88
15 50
95 35
18 68
15 71
38 42
53 20
35 87
1 76
94 6
69 99
33 52
14 34
12 15
40 7
18 56
32 31
55 23
8 77
76 17
59 31
75 23
61 7
65 93
1 100
58 92
71 30
67 48
77 79
30 26
21 4
66 18
7 91
27 24
32 26
71 16
91 16
79 47
15 41
43 90
49 44
62 89
19 28
51 58
17 96
21 54
23 50
18 70
96 81
97 61
41 87
66 70
41 65
67 76
27 7
12 30
76 29
59 46
32 59
4 79
32 21
85 87
67 7
46 80
53 63
84 77
99 84
5 18
17 37
74 58
14 100
85 39
41 21
54 32
86 96
11 9
33 6
76 8
80 22
48 1
17 65
18 69
17 22
45 60
10 94
70 75
69 25
77 39
91 72
45 56
25 66
100 18
92 82
72 64
89 35
50 33
86 19
81 37
42 56
5 88
16 14
21 20
92 6
65 99
99 76
27 100
43 89
72 45
74 57
12 69
79 57
59 72
72 50
36 18
99 78
87 50
55 52
37 32
87 65
43 64
47 81
10 2
41 34
26 54
64 33
12 14
48 15
40 26
15 43
61 83
82 58
6 19
76 94
32 15
73 2
99 66
29 60
84 74
54 33
12 79
31 93
80 99
71 74
87 55
32 70
85 30
24 34
34 7
67 56
51 12
99 10
57 69
1 49
41 57
94 49
3 100
26 36
96 47
11 94
59 40
8 2
33 56
66 73
3 40
88 29
65 60
58 81
59 54
90 20
94 63
27 43
66 57
39 43
67 79
43 88
4 90
15 54
47 17
54 4
61 29
23 48
24 7
88 30
99 19
54 78
25 79
14 23
61 57
38 90
41 22
27 73
83 67
17 36
33 100
39 61
97 99
