Nombre del problema: p14_100_600
100 100 600
83 96
57 41
62 42
88 47
40 71
11 38
35 41
50 63
81 3
5 57
90 64
94 56
43 3
27 16
9 34
98 86
97 62
99 75
73 10
85 48
45 13
66 76
100 14
38 34
58 28
16 88
26 91
70 79
28 41
69 94
30 59
89 24
13 63
84 3
17 61
47 89
3 55
63 3
30 73
75 10
19 41
64 75
24 81
86 49
29 37
65 70
61 95
44 23
15 33
68 6
74 23
79 59
8 59
82 79
42 35
39 81
23 97
37 14
71 60
33 66
20 77
77 35
32 66
12 95
14 22
91 63
4 26
56 95
80 84
1 26
95 71
6 93
38 90
67 52
34 96
2 51
93 71
60 41
21 24
7 27
46 23
25 97
22 99
86 93
76 65
28 64
18 2
49 84
87 44
78 39
51 34
53 21
3 92
52 70
85 37
31 7
72 86
54 98
36 94
77 99
40 30
49 29
31 58
74 41
51 56
72 68
19 12
98 37
78 76
93 98
57 88
59 40
80 2
48 31
78 96
67 8
40 51
23 15
15 58
16 4
61 32
15 25
29 54
32 56
62 100
87 5
98 77
53 59
11 70
85 83
90 39
98 24
7 88
47 29
83 91
36 72
27 13
82 73
66 38
86 39
89 76
70 16
78 63
9 30
75 15
37 44
12 70
65 19
48 1
99 91
66 20
62 54
50 60
45 78
8 45
44 56
35 24
71 43
55 66
60 11
19 45
39 28
36 3
9 62
80 5
53 74
50 22
35 92
66 24
6 98
91 62
71 77
84 22
8 11
40 45
85 93
33 57
94 26
70 62
12 55
19 77
69 40
70 91
11 50
63 96
37 50
6 37
99 98
96 69
40 63
39 7
27 81
81 49
17 48
41 46
16 31
7 91
20 12
1 71
97 79
24 94
72 45
26 79
30 6
96 19
87 65
5 66
65 71
63 21
67 23
87 96
95 42
91 17
21 45
42 13
17 41
72 22
53 28
38 23
85 79
90 61
54 53
25 61
67 48
50 51
29 11
95 13
62 53
92 1
41 94
82 54
84 61
19 56
84 94
27 85
36 17
14 86
19 22
31 6
17 92
50 70
75 89
64 63
29 35
81 46
80 35
85 92
91 10
84 65
32 9
91 5
5 39
44 75
24 13
33 61
3 61
92 75
60 67
34 27
32 55
73 33
6 43
42 24
82 52
99 57
95 70
85 63
58 50
50 6
68 86
12 88
29 51
38 30
70 41
40 3
26 51
62 27
77 24
41 31
24 86
22 33
15 95
88 63
100 77
22 83
65 50
7 57
61 91
36 59
67 81
14 88
95 60
21 22
33 12
72 63
60 68
26 54
35 85
68 95
6 51
100 3
55 57
97 88
26 31
20 85
46 39
98 33
81 57
63 25
87 88
95 39
89 20
3 1
76 70
34 68
83 88
26 80
20 69
57 59
28 96
31 20
42 4
86 28
69 84
64 44
82 47
83 75
35 30
96 44
92 65
9 58
11 66
48 42
43 82
26 56
72 1
8 41
58 24
66 42
25 89
62 17
33 84
91 93
48 30
81 53
55 16
53 12
67 28
70 75
16 72
24 78
55 13
94 12
69 39
96 41
19 74
4 96
9 38
37 40
37 72
21 40
14 33
86 48
91 15
46 48
93 82
80 98
66 73
57 69
56 33
64 24
37 61
77 12
5 37
98 57
72 4
22 26
30 96
22 81
73 84
7 94
26 85
87 18
30 13
51 55
6 56
8 82
44 3
9 28
76 71
97 5
8 94
37 30
44 1
72 44
40 17
16 58
10 45
84 40
74 20
80 28
37 63
21 5
90 53
71 80
18 19
39 32
90 74
98 5
89 37
90 24
11 55
61 8
67 36
3 46
12 49
33 91
82 87
44 16
33 47
32 12
27 69
87 9
86 9
31 76
98 21
56 65
47 23
28 76
83 97
43 86
53 76
93 40
95 64
74 39
32 35
39 56
62 48
99 55
54 90
29 89
42 28
33 45
42 86
5 73
69 62
70 6
95 6
56 11
24 23
10 22
80 69
26 2
59 75
99 76
97 65
11 83
5 88
66 1
93 66
12 74
34 74
27 79
83 82
37 49
53 93
38 75
69 91
53 17
29 23
27 88
21 58
12 15
80 33
17 16
70 26
24 55
12 13
60 7
57 70
75 57
15 100
79 34
43 93
60 90
65 40
73 62
24 47
80 30
30 44
23 58
75 98
54 23
32 21
70 56
63 52
43 8
63 93
92 98
26 50
49 33
56 13
2 85
74 18
37 52
21 60
20 76
97 3
83 53
28 24
86 76
28 46
79 7
65 66
31 71
20 90
99 70
86 82
73 72
84 72
31 43
29 97
1 54
85 59
79 68
34 71
80 23
88 30
2 67
10 89
87 10
14 51
34 28
28 48
94 51
32 25
20 84
66 7
32 48
92 41
91 16
13 72
19 75
97 11
45 61
84 77
98 96
77 37
32 87
21 39
53 88
14 63
75 2
3 51
85 45
40 64
81 84
99 85
92 36
8 55
68 94
72 81
43 96
84 53
61 76
72 96
9 12
32 91
90 2
25 80
47 39
44 79
93 18
80 19
22 11
44 38
87 40
96 23
97 72
47 63
44 92
71 66
12 8
82 88
71 35
88 2
95 24
85 7
26 3
69 43
37 90
98 89
26 34
55 26
21 84
89 73
74 26
88 37
74 28
23 25
