Nombre del problema: p17_100_600
100 100 600
90 25
17 100
23 28
13 92
95 75
15 26
44 65
73 58
65 86
20 84
26 23
94 92
52 11
34 43
36 3
80 99
54 51
86 67
100 71
89 42
92 97
27 5
84 61
10 2
38 27
83 54
46 81
1 7
66 86
99 25
98 54
4 32
39 71
77 98
59 77
9 24
12 44
78 51
37 80
22 86
72 86
55 40
75 23
85 43
14 97
62 87
93 36
58 76
60 61
7 76
42 52
30 2
64 69
57 94
87 98
32 90
61 77
74 8
91 21
65 46
56 99
3 45
29 91
47 23
71 51
88 8
24 77
6 10
68 91
89 37
25 36
49 39
67 88
18 42
19 16
40 82
97 71
79 85
48 95
96 77
70 25
99 78
21 72
35 40
92 27
81 79
16 44
50 36
2 52
64 81
28 31
33 19
48 56
42 63
53 11
81 51
3 58
8 35
41 68
61 51
48 15
42 69
29 23
24 28
19 45
15 23
45 40
62 41
15 52
65 97
98 52
17 48
22 87
78 43
43 39
75 4
75 66
50 3
10 44
23 66
37 50
96 68
11 69
27 54
80 14
60 97
92 89
87 31
29 67
18 57
20 97
23 56
58 53
40 79
77 43
22 57
92 9
31 35
44 83
83 28
88 1
86 82
43 93
8 68
79 44
13 70
26 84
78 77
77 51
55 36
95 14
51 34
55 80
68 5
87 17
64 1
64 87
41 85
68 44
19 23
44 52
83 50
82 84
41 49
32 59
51 30
54 68
36 88
29 81
31 73
60 86
93 76
96 12
3 55
79 7
71 37
48 1
75 14
65 49
60 26
53 85
6 81
18 89
19 1
29 36
50 79
12 83
66 18
25 4
43 97
66 89
53 59
57 63
38 13
80 1
5 6
47 28
92 22
41 67
65 1
20 42
45 57
13 80
48 79
31 77
9 38
35 89
49 53
92 43
6 17
36 21
54 1
86 61
75 90
26 35
6 78
82 11
75 57
34 49
47 98
18 79
76 6
58 83
64 67
70 90
29 27
63 41
23 14
45 9
20 12
17 3
99 58
21 59
30 18
74 60
54 62
45 26
91 63
41 93
72 20
7 12
6 34
76 60
47 67
53 100
10 25
15 1
22 69
7 62
49 96
7 17
8 13
1 36
76 49
41 26
99 7
63 6
36 22
11 70
46 26
43 57
84 18
1 14
9 1
80 84
83 20
68 10
96 69
59 52
79 54
98 62
85 94
97 89
68 90
3 18
61 2
98 34
92 10
65 10
98 17
41 78
75 3
84 22
11 29
16 67
99 42
33 11
13 62
51 23
25 21
15 45
58 54
83 21
88 76
60 95
31 40
92 41
93 11
67 32
89 64
77 63
2 99
74 93
39 42
94 14
79 21
75 97
5 50
62 66
21 35
82 81
71 85
13 48
7 14
2 75
12 78
24 18
89 81
57 37
49 71
22 30
55 9
40 54
23 91
68 51
63 37
29 63
1 99
31 93
16 8
24 92
46 52
34 24
31 58
60 12
9 64
62 31
84 78
3 14
51 84
67 70
36 73
69 51
47 91
62 57
50 38
86 12
66 68
81 84
67 40
6 3
34 27
88 51
85 88
12 98
48 35
74 69
16 89
7 53
52 83
43 60
69 3
95 90
28 72
69 25
41 77
11 98
46 17
46 53
51 22
48 30
53 60
15 33
38 59
3 98
36 31
82 42
78 59
11 2
65 88
1 25
34 52
36 76
87 70
80 36
76 87
1 40
96 85
31 75
52 3
8 12
94 64
96 43
52 16
80 31
63 51
42 79
16 61
16 83
33 39
70 31
91 80
98 57
36 65
12 99
19 31
32 18
20 19
22 90
5 33
71 5
33 50
50 71
19 25
6 93
29 68
7 47
24 46
29 50
85 8
66 85
38 67
82 49
55 19
48 2
14 76
99 38
82 48
8 48
46 94
68 71
53 99
31 8
86 76
57 44
42 4
14 13
7 32
85 78
6 36
32 45
26 10
74 87
29 45
21 20
17 21
21 96
1 10
31 5
63 30
17 94
62 47
92 87
34 28
77 25
98 78
24 8
9 49
14 8
25 51
10 61
12 95
43 22
15 79
63 40
43 76
39 14
85 36
38 21
60 2
62 81
56 73
28 91
16 99
95 8
93 65
86 78
97 100
98 83
4 2
11 89
83 57
19 75
56 37
99 11
66 91
97 68
14 68
55 29
52 57
95 42
9 17
36 5
93 27
99 26
76 92
97 62
89 98
92 98
79 82
80 66
8 92
44 32
99 49
18 35
76 13
39 32
53 70
6 55
95 11
23 93
83 93
87 95
61 32
56 36
59 93
4 50
46 45
10 40
68 15
33 85
68 83
59 55
99 17
96 1
93 16
85 13
47 80
45 4
56 60
1 47
83 79
91 25
77 55
30 56
82 85
38 29
66 40
75 67
24 1
47 65
39 38
95 99
21 68
47 20
46 42
23 72
51 43
31 16
4 70
76 1
46 79
45 20
11 5
84 75
25 41
18 74
82 47
41 3
80 71
68 18
58 12
92 26
39 56
50 45
28 58
27 13
42 81
75 16
9 25
4 37
20 94
45 92
1 79
88 27
65 59
28 61
17 44
81 49
30 54
84 66
19 29
16 76
7 39
15 76
65 62
51 46
13 36
43 38
80 89
3 26
98 94
14 33
47 97
51 29
4 89
81 57
49 20
72 94
88 48
