Nombre del problema: p26_200_400
200 200 400
9 80
198 140
175 188
20 197
161 54
128 190
106 139
54 183
199 111
49 94
177 66
110 75
108 109
132 61
23 150
73 52
30 42
62 72
21 19
6 98
181 34
43 137
91 143
82 56
103 158
8 47
123 188
116 6
117 27
55 177
86 195
25 80
188 66
22 142
60 121
133 140
168 24
17 143
192 146
178 13
102 86
70 111
61 188
64 184
2 47
149 183
142 184
76 128
126 144
45 44
163 97
148 158
11 199
1 136
182 157
78 195
67 156
193 11
104 33
138 83
97 134
160 138
75 116
173 116
24 125
152 72
100 35
77 39
98 40
44 47
5 121
172 31
19 41
120 85
31 140
26 5
14 104
114 49
200 46
92 148
42 22
41 6
195 153
90 136
189 188
66 128
27 61
46 7
157 165
37 72
36 32
101 83
131 179
109 74
154 53
112 137
180 35
118 176
122 32
146 48
164 178
151 72
16 41
130 192
183 50
121 123
156 14
135 161
33 137
169 146
184 118
88 170
47 170
194 2
105 181
87 127
159 156
74 100
34 35
52 6
10 87
158 13
58 27
96 29
71 31
165 133
115 35
141 94
196 58
89 14
167 127
57 151
51 3
65 69
170 56
53 56
18 180
134 53
187 199
162 113
50 85
136 10
190 13
39 160
63 165
140 62
139 117
11 49
56 146
124 129
7 193
4 152
94 32
119 58
179 172
84 197
185 28
144 55
153 93
111 50
68 185
155 166
147 66
113 146
81 158
129 105
143 66
197 94
191 28
80 179
72 67
127 57
28 193
35 36
29 114
95 99
171 92
137 138
83 91
15 46
12 103
176 45
125 10
93 81
107 187
150 114
69 109
186 95
166 72
85 176
99 2
174 171
59 3
3 165
79 115
40 169
198 79
145 53
137 38
59 129
118 17
182 99
69 16
63 61
140 48
22 148
75 1
186 17
194 154
192 149
141 52
78 157
196 188
56 15
184 156
34 60
123 124
23 135
152 53
58 188
43 119
91 148
41 116
13 136
147 60
165 76
191 98
149 14
176 38
194 159
127 109
147 162
50 126
187 106
116 118
33 153
172 143
102 94
27 124
182 38
128 24
146 78
150 80
157 168
113 78
174 77
53 23
38 66
184 111
139 181
17 164
123 10
184 112
37 57
183 59
44 90
186 104
102 84
91 6
28 194
169 83
99 152
178 44
3 180
63 32
108 16
7 189
50 87
46 114
121 62
23 8
41 173
176 115
32 14
45 173
12 45
152 124
8 152
47 163
153 121
134 39
169 194
135 115
84 193
71 174
9 92
90 34
91 38
34 9
9 43
108 83
139 176
76 107
78 175
99 155
193 177
53 85
193 52
8 4
154 136
113 42
199 156
153 123
44 110
177 169
9 139
169 66
98 188
39 103
189 106
166 142
75 43
125 51
123 22
130 74
172 3
110 175
121 118
43 138
194 157
59 13
8 96
179 24
160 185
16 48
157 156
145 99
7 24
197 87
104 54
166 187
105 187
174 126
8 65
152 95
125 186
187 188
53 127
82 47
55 182
24 110
101 90
58 114
149 32
61 138
88 95
107 57
139 87
127 77
100 46
169 154
7 78
174 6
98 139
87 174
157 131
94 57
110 167
92 123
180 82
22 21
91 111
177 179
80 144
43 14
37 60
140 27
198 120
14 115
93 193
161 189
35 161
2 89
145 137
124 46
102 134
95 111
105 63
56 65
153 141
66 152
194 4
12 10
108 9
178 92
199 180
168 28
9 40
132 38
132 137
164 51
33 21
72 87
185 198
89 138
70 199
90 138
21 61
22 111
63 48
