Nombre del problema: p2_100_200
100 100 200
54 65
19 48
67 70
44 24
76 68
93 96
35 47
77 94
95 59
21 34
2 99
18 34
83 84
93 75
78 1
31 19
41 14
12 90
14 48
17 41
48 40
84 9
97 87
92 79
4 71
47 74
65 28
68 72
27 79
23 98
39 1
29 53
56 89
20 43
79 20
99 80
32 8
49 93
96 21
51 37
13 43
34 43
60 50
36 79
58 59
72 40
38 83
43 76
100 9
33 90
59 4
66 62
10 28
45 34
25 75
6 55
74 51
64 93
82 11
62 59
24 25
22 25
87 26
71 42
55 98
11 35
73 96
89 68
69 81
1 57
46 8
75 54
88 13
30 62
63 75
26 39
37 77
61 40
15 89
86 18
91 15
80 14
50 30
7 6
52 74
98 51
8 27
16 36
81 97
85 1
85 16
53 52
73 71
90 95
5 14
7 38
37 88
3 96
49 70
26 94
57 95
47 37
49 68
91 3
94 57
56 68
100 49
82 37
68 80
99 89
72 38
57 49
22 82
15 82
60 19
64 13
27 87
100 44
67 85
43 28
26 49
43 3
41 57
92 98
23 54
38 85
15 87
39 65
49 42
16 26
80 100
85 18
82 94
42 26
71 97
36 13
78 50
70 18
78 69
36 47
98 91
22 100
2 25
27 38
90 35
88 100
29 54
21 28
89 49
62 42
54 67
87 62
83 99
81 17
87 17
18 1
58 66
7 88
1 61
65 43
50 71
32 24
19 41
10 83
45 85
83 91
30 74
16 61
20 57
73 6
75 2
88 53
25 31
82 67
7 79
84 62
14 2
47 91
60 100
59 84
65 59
54 38
65 33
55 63
94 10
33 98
22 73
70 21
99 9
44 15
62 47
10 99
33 3
82 70
15 75
86 9
44 54
32 17
50 6
71 53
