Nombre del problema: p5_100_200
100 100 200
60 94
80 38
96 23
69 38
31 71
46 30
2 20
52 56
45 76
88 72
84 27
64 28
40 67
1 86
95 81
72 3
55 70
9 25
32 53
14 42
7 8
99 88
78 77
85 27
24 61
10 2
98 74
92 52
67 15
97 39
4 53
65 100
43 4
5 70
26 24
76 16
73 10
58 17
13 86
54 17
34 59
18 55
42 44
12 96
90 14
20 78
56 22
100 37
36 43
63 71
37 24
27 48
79 53
44 56
15 2
41 38
83 70
6 99
25 19
35 98
77 71
11 94
62 22
39 89
90 78
21 11
82 54
30 14
8 93
71 95
19 56
68 71
87 59
7 47
74 22
53 21
47 82
16 74
59 73
66 39
3 38
49 86
93 89
48 89
51 79
22 100
57 27
28 79
68 18
50 59
29 41
86 46
33 14
28 3
27 13
91 36
75 86
15 3
71 12
69 6
72 100
7 85
46 43
24 4
99 41
32 66
42 56
41 25
26 42
81 99
17 14
77 76
29 94
7 86
83 40
47 53
95 24
34 36
95 29
69 12
3 34
60 35
96 62
32 52
23 91
13 25
33 20
100 41
29 85
26 99
61 7
45 54
72 12
35 31
84 31
7 68
76 20
79 39
44 55
47 14
47 23
39 99
93 29
1 31
5 69
83 3
77 68
60 15
57 10
96 98
92 79
84 30
1 32
57 4
66 27
39 83
14 83
27 6
100 24
96 54
98 91
8 100
15 52
30 3
96 89
67 14
49 70
24 21
39 90
54 72
57 41
71 59
76 98
71 80
11 91
13 50
15 14
61 40
78 86
14 7
96 69
37 15
25 92
82 5
27 70
70 38
51 43
25 93
1 3
38 27
29 24
2 99
60 90
11 100
65 31
35 17
17 37
61 60
94 82
92 70
