Nombre del problema: 3dmesh_2_2_168.txt
672 672 1340
1 2
1 3
1 5
2 4
2 6
3 4
3 7
4 8
5 6
5 7
5 9
6 8
6 10
7 8
7 11
8 12
9 10
9 11
9 13
10 12
10 14
11 12
11 15
12 16
13 14
13 15
13 17
14 16
14 18
15 16
15 19
16 20
17 18
17 19
17 21
18 20
18 22
19 20
19 23
20 24
21 22
21 23
21 25
22 24
22 26
23 24
23 27
24 28
25 26
25 27
25 29
26 28
26 30
27 28
27 31
28 32
29 30
29 31
29 33
30 32
30 34
31 32
31 35
32 36
33 34
33 35
33 37
34 36
34 38
35 36
35 39
36 40
37 38
37 39
37 41
38 40
38 42
39 40
39 43
40 44
41 42
41 43
41 45
42 44
42 46
43 44
43 47
44 48
45 46
45 47
45 49
46 48
46 50
47 48
47 51
48 52
49 50
49 51
49 53
50 52
50 54
51 52
51 55
52 56
53 54
53 55
53 57
54 56
54 58
55 56
55 59
56 60
57 58
57 59
57 61
58 60
58 62
59 60
59 63
60 64
61 62
61 63
61 65
62 64
62 66
63 64
63 67
64 68
65 66
65 67
65 69
66 68
66 70
67 68
67 71
68 72
69 70
69 71
69 73
70 72
70 74
71 72
71 75
72 76
73 74
73 75
73 77
74 76
74 78
75 76
75 79
76 80
77 78
77 79
77 81
78 80
78 82
79 80
79 83
80 84
81 82
81 83
81 85
82 84
82 86
83 84
83 87
84 88
85 86
85 87
85 89
86 88
86 90
87 88
87 91
88 92
89 90
89 91
89 93
90 92
90 94
91 92
91 95
92 96
93 94
93 95
93 97
94 96
94 98
95 96
95 99
96 100
97 98
97 99
97 101
98 100
98 102
99 100
99 103
100 104
101 102
101 103
101 105
102 104
102 106
103 104
103 107
104 108
105 106
105 107
105 109
106 108
106 110
107 108
107 111
108 112
109 110
109 111
109 113
110 112
110 114
111 112
111 115
112 116
113 114
113 115
113 117
114 116
114 118
115 116
115 119
116 120
117 118
117 119
117 121
118 120
118 122
119 120
119 123
120 124
121 122
121 123
121 125
122 124
122 126
123 124
123 127
124 128
125 126
125 127
125 129
126 128
126 130
127 128
127 131
128 132
129 130
129 131
129 133
130 132
130 134
131 132
131 135
132 136
133 134
133 135
133 137
134 136
134 138
135 136
135 139
136 140
137 138
137 139
137 141
138 140
138 142
139 140
139 143
140 144
141 142
141 143
141 145
142 144
142 146
143 144
143 147
144 148
145 146
145 147
145 149
146 148
146 150
147 148
147 151
148 152
149 150
149 151
149 153
150 152
150 154
151 152
151 155
152 156
153 154
153 155
153 157
154 156
154 158
155 156
155 159
156 160
157 158
157 159
157 161
158 160
158 162
159 160
159 163
160 164
161 162
161 163
161 165
162 164
162 166
163 164
163 167
164 168
165 166
165 167
165 169
166 168
166 170
167 168
167 171
168 172
169 170
169 171
169 173
170 172
170 174
171 172
171 175
172 176
173 174
173 175
173 177
174 176
174 178
175 176
175 179
176 180
177 178
177 179
177 181
178 180
178 182
179 180
179 183
180 184
181 182
181 183
181 185
182 184
182 186
183 184
183 187
184 188
185 186
185 187
185 189
186 188
186 190
187 188
187 191
188 192
189 190
189 191
189 193
190 192
190 194
191 192
191 195
192 196
193 194
193 195
193 197
194 196
194 198
195 196
195 199
196 200
197 198
197 199
197 201
198 200
198 202
199 200
199 203
200 204
201 202
201 203
201 205
202 204
202 206
203 204
203 207
204 208
205 206
205 207
205 209
206 208
206 210
207 208
207 211
208 212
209 210
209 211
209 213
210 212
210 214
211 212
211 215
212 216
213 214
213 215
213 217
214 216
214 218
215 216
215 219
216 220
217 218
217 219
217 221
218 220
218 222
219 220
219 223
220 224
221 222
221 223
221 225
222 224
222 226
223 224
223 227
224 228
225 226
225 227
225 229
226 228
226 230
227 228
227 231
228 232
229 230
229 231
229 233
230 232
230 234
231 232
231 235
232 236
233 234
233 235
233 237
234 236
234 238
235 236
235 239
236 240
237 238
237 239
237 241
238 240
238 242
239 240
239 243
240 244
241 242
241 243
241 245
242 244
242 246
243 244
243 247
244 248
245 246
245 247
245 249
246 248
246 250
247 248
247 251
248 252
249 250
249 251
249 253
250 252
250 254
251 252
251 255
252 256
253 254
253 255
253 257
254 256
254 258
255 256
255 259
256 260
257 258
257 259
257 261
258 260
258 262
259 260
259 263
260 264
261 262
261 263
261 265
262 264
262 266
263 264
263 267
264 268
265 266
265 267
265 269
266 268
266 270
267 268
267 271
268 272
269 270
269 271
269 273
270 272
270 274
271 272
271 275
272 276
273 274
273 275
273 277
274 276
274 278
275 276
275 279
276 280
277 278
277 279
277 281
278 280
278 282
279 280
279 283
280 284
281 282
281 283
281 285
282 284
282 286
283 284
283 287
284 288
285 286
285 287
285 289
286 288
286 290
287 288
287 291
288 292
289 290
289 291
289 293
290 292
290 294
291 292
291 295
292 296
293 294
293 295
293 297
294 296
294 298
295 296
295 299
296 300
297 298
297 299
297 301
298 300
298 302
299 300
299 303
300 304
301 302
301 303
301 305
302 304
302 306
303 304
303 307
304 308
305 306
305 307
305 309
306 308
306 310
307 308
307 311
308 312
309 310
309 311
309 313
310 312
310 314
311 312
311 315
312 316
313 314
313 315
313 317
314 316
314 318
315 316
315 319
316 320
317 318
317 319
317 321
318 320
318 322
319 320
319 323
320 324
321 322
321 323
321 325
322 324
322 326
323 324
323 327
324 328
325 326
325 327
325 329
326 328
326 330
327 328
327 331
328 332
329 330
329 331
329 333
330 332
330 334
331 332
331 335
332 336
333 334
333 335
333 337
334 336
334 338
335 336
335 339
336 340
337 338
337 339
337 341
338 340
338 342
339 340
339 343
340 344
341 342
341 343
341 345
342 344
342 346
343 344
343 347
344 348
345 346
345 347
345 349
346 348
346 350
347 348
347 351
348 352
349 350
349 351
349 353
350 352
350 354
351 352
351 355
352 356
353 354
353 355
353 357
354 356
354 358
355 356
355 359
356 360
357 358
357 359
357 361
358 360
358 362
359 360
359 363
360 364
361 362
361 363
361 365
362 364
362 366
363 364
363 367
364 368
365 366
365 367
365 369
366 368
366 370
367 368
367 371
368 372
369 370
369 371
369 373
370 372
370 374
371 372
371 375
372 376
373 374
373 375
373 377
374 376
374 378
375 376
375 379
376 380
377 378
377 379
377 381
378 380
378 382
379 380
379 383
380 384
381 382
381 383
381 385
382 384
382 386
383 384
383 387
384 388
385 386
385 387
385 389
386 388
386 390
387 388
387 391
388 392
389 390
389 391
389 393
390 392
390 394
391 392
391 395
392 396
393 394
393 395
393 397
394 396
394 398
395 396
395 399
396 400
397 398
397 399
397 401
398 400
398 402
399 400
399 403
400 404
401 402
401 403
401 405
402 404
402 406
403 404
403 407
404 408
405 406
405 407
405 409
406 408
406 410
407 408
407 411
408 412
409 410
409 411
409 413
410 412
410 414
411 412
411 415
412 416
413 414
413 415
413 417
414 416
414 418
415 416
415 419
416 420
417 418
417 419
417 421
418 420
418 422
419 420
419 423
420 424
421 422
421 423
421 425
422 424
422 426
423 424
423 427
424 428
425 426
425 427
425 429
426 428
426 430
427 428
427 431
428 432
429 430
429 431
429 433
430 432
430 434
431 432
431 435
432 436
433 434
433 435
433 437
434 436
434 438
435 436
435 439
436 440
437 438
437 439
437 441
438 440
438 442
439 440
439 443
440 444
441 442
441 443
441 445
442 444
442 446
443 444
443 447
444 448
445 446
445 447
445 449
446 448
446 450
447 448
447 451
448 452
449 450
449 451
449 453
450 452
450 454
451 452
451 455
452 456
453 454
453 455
453 457
454 456
454 458
455 456
455 459
456 460
457 458
457 459
457 461
458 460
458 462
459 460
459 463
460 464
461 462
461 463
461 465
462 464
462 466
463 464
463 467
464 468
465 466
465 467
465 469
466 468
466 470
467 468
467 471
468 472
469 470
469 471
469 473
470 472
470 474
471 472
471 475
472 476
473 474
473 475
473 477
474 476
474 478
475 476
475 479
476 480
477 478
477 479
477 481
478 480
478 482
479 480
479 483
480 484
481 482
481 483
481 485
482 484
482 486
483 484
483 487
484 488
485 486
485 487
485 489
486 488
486 490
487 488
487 491
488 492
489 490
489 491
489 493
490 492
490 494
491 492
491 495
492 496
493 494
493 495
493 497
494 496
494 498
495 496
495 499
496 500
497 498
497 499
497 501
498 500
498 502
499 500
499 503
500 504
501 502
501 503
501 505
502 504
502 506
503 504
503 507
504 508
505 506
505 507
505 509
506 508
506 510
507 508
507 511
508 512
509 510
509 511
509 513
510 512
510 514
511 512
511 515
512 516
513 514
513 515
513 517
514 516
514 518
515 516
515 519
516 520
517 518
517 519
517 521
518 520
518 522
519 520
519 523
520 524
521 522
521 523
521 525
522 524
522 526
523 524
523 527
524 528
525 526
525 527
525 529
526 528
526 530
527 528
527 531
528 532
529 530
529 531
529 533
530 532
530 534
531 532
531 535
532 536
533 534
533 535
533 537
534 536
534 538
535 536
535 539
536 540
537 538
537 539
537 541
538 540
538 542
539 540
539 543
540 544
541 542
541 543
541 545
542 544
542 546
543 544
543 547
544 548
545 546
545 547
545 549
546 548
546 550
547 548
547 551
548 552
549 550
549 551
549 553
550 552
550 554
551 552
551 555
552 556
553 554
553 555
553 557
554 556
554 558
555 556
555 559
556 560
557 558
557 559
557 561
558 560
558 562
559 560
559 563
560 564
561 562
561 563
561 565
562 564
562 566
563 564
563 567
564 568
565 566
565 567
565 569
566 568
566 570
567 568
567 571
568 572
569 570
569 571
569 573
570 572
570 574
571 572
571 575
572 576
573 574
573 575
573 577
574 576
574 578
575 576
575 579
576 580
577 578
577 579
577 581
578 580
578 582
579 580
579 583
580 584
581 582
581 583
581 585
582 584
582 586
583 584
583 587
584 588
585 586
585 587
585 589
586 588
586 590
587 588
587 591
588 592
589 590
589 591
589 593
590 592
590 594
591 592
591 595
592 596
593 594
593 595
593 597
594 596
594 598
595 596
595 599
596 600
597 598
597 599
597 601
598 600
598 602
599 600
599 603
600 604
601 602
601 603
601 605
602 604
602 606
603 604
603 607
604 608
605 606
605 607
605 609
606 608
606 610
607 608
607 611
608 612
609 610
609 611
609 613
610 612
610 614
611 612
611 615
612 616
613 614
613 615
613 617
614 616
614 618
615 616
615 619
616 620
617 618
617 619
617 621
618 620
618 622
619 620
619 623
620 624
621 622
621 623
621 625
622 624
622 626
623 624
623 627
624 628
625 626
625 627
625 629
626 628
626 630
627 628
627 631
628 632
629 630
629 631
629 633
630 632
630 634
631 632
631 635
632 636
633 634
633 635
633 637
634 636
634 638
635 636
635 639
636 640
637 638
637 639
637 641
638 640
638 642
639 640
639 643
640 644
641 642
641 643
641 645
642 644
642 646
643 644
643 647
644 648
645 646
645 647
645 649
646 648
646 650
647 648
647 651
648 652
649 650
649 651
649 653
650 652
650 654
651 652
651 655
652 656
653 654
653 655
653 657
654 656
654 658
655 656
655 659
656 660
657 658
657 659
657 661
658 660
658 662
659 660
659 663
660 664
661 662
661 663
661 665
662 664
662 666
663 664
663 667
664 668
665 666
665 667
665 669
666 668
666 670
667 668
667 671
668 672
669 670
669 671
670 672
671 672
